SYMBOL,SERIES,OPEN,HIGH,LOW,CLOSE,LAST,PREVCLOSE,TOTTRDQTY,TOTTRDVAL,TIMESTAMP,TOTALTRADES,ISIN,
182D091123,TB,98.81,98.81,98.81,98.81,98.81,98.6,100,9881,06-SEP-2023,1,IN002023Y060,
182D141223,TB,98.14,98.14,98.14,98.14,98.14,97.8,1100,107954,06-SEP-2023,1,IN002023Y110,
182D211223,TB,98.01,98.01,98.01,98.01,98.01,97.57,5000,490050,06-SEP-2023,2,IN002023Y128,
182D261023,TB,98.71,98.71,98.71,98.71,98.71,98.55,100,9871,06-SEP-2023,1,IN002023Y045,
182D290923,TB,99.55,99.55,99.55,99.55,99.55,99.1,100,9955,06-SEP-2023,1,IN002022Y534,
20MICRONS,BE,133.05,133.05,127.05,133.05,133.05,126.75,337797,44900371.9,06-SEP-2023,896,INE144J01027,
21STCENMGM,EQ,19.5,19.55,19,19.1,19.1,19.2,18185,350623.6,06-SEP-2023,131,INE253B01015,
360ONE,EQ,519.8,521,504.8,506.75,506,515.8,570967,293500865.15,06-SEP-2023,28156,INE466L01038,
364D040124,TB,97.72,97.72,97.72,97.72,97.72,97.25,200,19544,06-SEP-2023,1,IN002022Z408,
364D040424,TB,95.62,96.08,95.62,96.08,96.08,95.45,8000,766340,06-SEP-2023,2,IN002023Z026,
364D060624,TB,94.75,94.75,94.75,94.75,94.75,94.75,15000,1421250,06-SEP-2023,2,IN002023Z117,
364D070324,TB,96.56,96.56,96.56,96.56,96.56,95.95,600,57936,06-SEP-2023,1,IN002022Z499,
364D110124,TB,97.59,97.59,97.59,97.59,97.59,97.2,100,9759,06-SEP-2023,1,IN002022Z416,
364D110424,TB,95.77,95.98,95.77,95.98,95.98,95.77,8000,767630,06-SEP-2023,2,IN002023Z034,
364D140923,TB,99.72,99.72,99.72,99.72,99.72,99.69,10000,997200,06-SEP-2023,15,IN002022Z242,
364D180424,TB,95.85,95.85,95.85,95.85,95.85,94.97,5900,565515,06-SEP-2023,1,IN002023Z042,
364D250424,TB,95.73,95.73,95.73,95.73,95.73,95.1,7500,717975,06-SEP-2023,1,IN002023Z059,
364D300524,TB,94.51,94.51,94.5,94.5,94.5,93.9,2000,189004,06-SEP-2023,2,IN002023Z109,
3IINFOLTD,EQ,41.6,44.45,40.2,41.55,41.1,40,17665350,749018619.25,06-SEP-2023,49500,INE748C01038,
3MINDIA,EQ,32699.95,32712.95,31989.4,32497.9,32425,32440.1,13051,422028768,06-SEP-2023,1816,INE470A01017,
3PLAND,BE,22.35,22.5,21.95,22.25,22.3,22.35,7054,157072.45,06-SEP-2023,58,INE105C01023,
574GS2026,GS,97.95,97.95,96.8,96.8,96.8,98,11,1076.3,06-SEP-2023,2,IN0020210186,
585GS2030,GS,91.16,91.21,91.16,91.21,91.21,91.01,200,18237,06-SEP-2023,2,IN0020200294,
5PAISA,EQ,469.75,472,454.75,458.3,459.25,464.55,64392,29757788.6,06-SEP-2023,5529,INE618L01018,
610GS2031,GS,92.14,92.14,92.14,92.14,92.14,94.5,3,276.42,06-SEP-2023,1,IN0020210095,
63MOONS,EQ,327.9,334.9,315.6,318.65,320.8,327.9,109558,35522839.75,06-SEP-2023,3588,INE111B01023,
654GS2032,GS,96.8,96.8,96.7,96.7,96.7,96.85,1966,190171.61,06-SEP-2023,7,IN0020210244,
667GS2035,GS,97.28,98,97.27,97.27,97.27,97.25,5,488.55,06-SEP-2023,4,IN0020210152,
667GS2050,GS,96.07,96.07,96.07,96.07,96.07,96,1,96.07,06-SEP-2023,1,IN0020200252,
669GS2024,GS,101.52,101.52,100.6,101,101,100.67,1750,176068.82,06-SEP-2023,5,IN0020220052,
675KA33A,SG,96.7,96.7,96.7,96.7,96.7,100,9300,899310,06-SEP-2023,1,IN1920200327,
68GS2060,GS,96.97,96.97,96.8,96.8,96.8,96.95,5209,504251.47,06-SEP-2023,5,IN0020200187,
695GS2061,GS,99.59,101,99.59,101,101,101,340,34200.41,06-SEP-2023,4,IN0020210202,
699GS2026,GS,101.8,101.8,101.8,101.8,101.8,102.1,2000,203600,06-SEP-2023,3,IN0020230028,
699GS2051,GS,97.6,97.6,97.55,97.55,97.55,97.6,3562,347543.9,06-SEP-2023,15,IN0020210194,
706GS2028,GS,102.4,102.4,102.4,102.4,102.4,102.4,4600,471040,06-SEP-2023,3,IN0020230010,
706GS2046,GS,95.56,95.57,95.56,95.57,95.57,95.56,200,19113,06-SEP-2023,2,IN0020160068,
710GS2029,GS,101.75,102.64,101.75,102.64,102.64,102.08,135187,13770533.61,06-SEP-2023,22,IN0020220011,
716GS2050,GS,99.21,102.07,99.21,102.07,102.07,97.21,2,201.28,06-SEP-2023,2,IN0020200054,
717GS2030,GS,103,103,102.1,102.1,102.1,102.21,4,410.95,06-SEP-2023,3,IN0020230036,
718GS2037,GS,99,99,99,99,99,100.5,500,49500,06-SEP-2023,1,IN0020230077,
725GS2063,GS,101,101,100.75,100.75,100.75,100.25,2750,277452.5,06-SEP-2023,5,IN0020230044,
726GS2032,GS,100.63,101.49,100.63,101.33,100.8,100.7,512580,51585447.89,06-SEP-2023,17,IN0020220060,
726GS2033,GS,101.2,101.2,101,101.16,101,101.5,111550,11288505,06-SEP-2023,19,IN0020220151,
727GS2026,GS,101.85,102,101.85,102,102,102.05,2,203.85,06-SEP-2023,2,IN0020190016,
736GS2052,GS,104.75,104.75,104.01,104.7,104.71,104.5,8441,883910.33,06-SEP-2023,9,IN0020220086,
738GS2027,GS,102.2,102.25,102.11,102.24,102.25,102.2,74062,7571025.97,06-SEP-2023,42,IN0020220037,
739ML26,SG,100.5,100.5,100.5,100.5,100.5,101,2000,201000,06-SEP-2023,1,IN2420220054,
73GS2053,GS,100.89,101,100.8,100.8,100.8,101,162425,16380637.4,06-SEP-2023,16,IN0020230051,
741GS2036,GS,103.5,103.9,103.1,103.88,103.1,103,23700,2461985.8,06-SEP-2023,8,IN0020220102,
74GS2035,GS,102,102.01,102,102.01,102.01,101.65,200,20401,06-SEP-2023,2,IN0020050012,
74GS2062,GS,104.73,107.4,104.73,107.4,107.4,104.73,128,13735.12,06-SEP-2023,7,IN0020220094,
754GS2036,GS,104.49,104.49,104.26,104.32,104.37,104.4,315464,32930238.56,06-SEP-2023,184,IN0020220029,
762GS2039,GS,103.15,103.15,103.15,103.15,103.15,103.15,100,10315,06-SEP-2023,1,IN0020190024,
769HR27,SG,97,97,97,97,97,97,300,29100,06-SEP-2023,2,IN1620220096,
772GS2055,GS,105.5,105.5,105,105,105,105.5,600,63051.5,06-SEP-2023,4,IN0020150077,
795GS2032,GS,107,107,106.8,106.8,106.8,105.9,1100,117650,06-SEP-2023,8,IN0020020106,
826GS2027,GS,106.9,106.9,106.9,106.9,106.9,106.9,99,10583.1,06-SEP-2023,1,IN0020070036,
91D021123,TB,98.59,98.74,98.58,98.74,98.74,98.09,6600,650708,06-SEP-2023,18,IN002023X187,
91D051023,TB,99.3,99.3,99.3,99.3,99.3,99.3,1500,148950,06-SEP-2023,7,IN002023X146,
91D140923,TB,99.74,99.74,99.67,99.67,99.67,99.67,2000,199357,06-SEP-2023,3,IN002023X112,
91D261023,TB,98.69,98.69,98.68,98.68,98.68,98.5,200,19737,06-SEP-2023,2,IN002023X179,
A2ZINFRA,BE,9.35,10.25,9.35,10.25,10.25,9.8,532320,5239630.15,06-SEP-2023,478,INE619I01012,
AAATECH,EQ,64.65,66,64.55,64.75,64.7,64.65,30759,2003323.05,06-SEP-2023,797,INE0D0U01013,
AAKASH,BE,6.5,6.5,6.5,6.5,6.5,6.6,75043,487779.5,06-SEP-2023,243,INE087Z01024,
AAREYDRUGS,BE,52.8,55.1,52.1,53.25,53.5,52.7,110338,5905887.65,06-SEP-2023,463,INE198H01019,
AARON,BE,267,267,262.65,262.65,262.65,268,2099,555166,06-SEP-2023,116,INE721Z01010,
AARTECH,BE,156.25,164.05,150,164.05,164.05,156.25,112291,18227584,06-SEP-2023,795,INE01C001018,
AARTIDRUGS,EQ,613,621.4,602.3,612.55,611,613.2,659303,404393780.05,06-SEP-2023,20181,INE767A01016,
AARTIIND,EQ,508,517.8,506,515.9,515,506.7,2511124,1287733909.8,06-SEP-2023,36457,INE769A01020,
AARTIPHARM,EQ,436.9,445,431.55,438.1,437.75,432.6,579578,254480623.55,06-SEP-2023,20162,INE0LRU01027,
AARTIPP,E1,315.05,317,313.85,316.3,314,309.45,48,15136.55,06-SEP-2023,39,IN909EO01012,
AARTISURF,EQ,674.9,685.45,666.1,670.5,668,663.3,43246,29209928.7,06-SEP-2023,4521,INE09EO01013,
AARVEEDEN,EQ,24.2,24.2,23.45,23.8,23.85,23.7,20242,481776.55,06-SEP-2023,273,INE273D01019,
AARVI,EQ,130.5,131.9,124.75,127.65,127.85,128.55,36437,4663327.25,06-SEP-2023,987,INE754X01016,
AATMAJ,SM,52.65,53.7,51.4,51.7,51.65,52.65,256000,13338600,06-SEP-2023,43,INE0OB201016,
AAVAS,EQ,1639.3,1717.95,1621.5,1632,1630,1636.7,1285299,2132503209.6,06-SEP-2023,32633,INE216P01012,
ABAN,EQ,48.75,51.3,48.45,49.9,50,48.1,914030,45909494.45,06-SEP-2023,5682,INE421A01028,
ABB,EQ,4469.9,4540,4443.05,4500.3,4488,4440.8,504897,2268598413.3,06-SEP-2023,42025,INE117A01022,
ABBOTINDIA,EQ,22900.3,23160,22754.2,23106.6,23081.75,22793.25,26456,609752692.8,06-SEP-2023,8399,INE358A01014,
ABCAPITAL,EQ,192.2,192.2,185.8,186.7,186.9,191.4,3084203,579013227,06-SEP-2023,29539,INE674K01013,
ABCOTS,SM,99.5,101.4,99.3,101.4,101.4,99.4,16000,1598000,06-SEP-2023,4,INE08PH01015,
ABFRL,EQ,234,234,228,230.35,230.3,230.9,8499321,1963410093.75,06-SEP-2023,52518,INE647O01011,
ABMINTLLTD,BE,39.45,39.45,39.45,39.45,39.45,40.25,241,9507.45,06-SEP-2023,4,INE251C01025,
ABSLAMC,EQ,414.05,416.3,405,407.95,408,411,128739,52836417.95,06-SEP-2023,5317,INE404A01024,
ABSLBANETF,EQ,46.3,46.3,44.63,44.89,44.97,44.94,19748,884929.62,06-SEP-2023,338,INF209KB17D5,
ABSLLIQUID,EQ,1000,1000,999.99,999.99,999.99,999.99,1020,1019994.3,06-SEP-2023,6,INF209KB18T9,
ABSLNN50ET,EQ,47.44,47.44,46.61,46.79,46.66,46.51,5968,279207.65,06-SEP-2023,129,INF209KB16D7,
ACC,EQ,2084,2084.55,2037.7,2043.5,2042.4,2084.6,801557,1646241325.25,06-SEP-2023,32935,INE012A01025,
ACCELYA,EQ,1593.25,1609,1554,1567.85,1570,1593.25,29158,45936748.05,06-SEP-2023,4675,INE793A01012,
ACCORD,SM,29,29,27.95,27.95,27.95,29.4,8000,225800,06-SEP-2023,4,INE113X01015,
ACCURACY,BE,9.3,9.6,8.9,8.95,9.1,9.3,267132,2430956.5,06-SEP-2023,786,INE648Z01023,
ACE,EQ,701,720,700,705,707.95,717.5,402133,285584541.55,06-SEP-2023,24335,INE731H01025,
ACEINTEG,BE,36.8,36.8,35.05,35.1,35.1,36.85,350,12399.7,06-SEP-2023,14,INE543V01017,
ACI,EQ,660,661,637.5,639.65,638.1,656.25,162170,104699554.45,06-SEP-2023,8647,INE128X01021,
ACL,BE,99.8,102.9,99.15,101.9,101.35,99.8,16504,1680146.4,06-SEP-2023,295,INE666E01020,
ADANIENSOL,EQ,815.05,859.45,809,855.95,853,813.45,8646350,7227385753.15,06-SEP-2023,113875,INE931S01010,
ADANIENT,EQ,2494.05,2504,2471,2496.5,2489.45,2494.05,7416248,18494182978.55,06-SEP-2023,129014,INE423A01024,
ADANIGREEN,EQ,963,1015,954,1006.1,1006.5,962.1,7453688,7327508263,06-SEP-2023,112063,INE364U01010,
ADANIPORTS,EQ,806,808.5,800.45,807.05,804,804.95,6729598,5417611171.05,06-SEP-2023,97481,INE742F01042,
ADANIPOWER,EQ,343.6,350.5,339.15,347.55,347,342.45,9482430,3284631186.25,06-SEP-2023,87985,INE814H01011,
ADFFOODS,EQ,1155.35,1179.8,1141.3,1166.25,1172.9,1138.3,82924,96327490.9,06-SEP-2023,10220,INE982B01019,
ADL,BE,76.7,76.7,73.1,75.7,75.7,76.7,4309,324961.5,06-SEP-2023,46,INE0CHO01012,
ADORWELD,EQ,1159,1185,1144.05,1154.05,1152.5,1175.65,36097,41831248.6,06-SEP-2023,9466,INE045A01017,
ADROITINFO,BE,21.9,21.9,21.15,21.55,21.55,21.75,17186,369085.45,06-SEP-2023,72,INE737B01033,
ADSL,EQ,145.85,156.9,143.7,150.25,152,143.55,3000508,456177166.65,06-SEP-2023,31402,INE102I01027,
ADVANIHOTR,EQ,92.3,92.95,90.75,91.5,91.2,91.8,82435,7579618.7,06-SEP-2023,1386,INE199C01026,
ADVENZYMES,EQ,324.7,327.4,321.1,324.8,324,323.15,157218,50982013.45,06-SEP-2023,4950,INE837H01020,
AEGISCHEM,EQ,359.35,362.5,352.2,354.85,355,357.8,218680,77868074.65,06-SEP-2023,9176,INE208C01025,
AEROFLEX,EQ,155,162.5,154.2,159.1,159.1,154.15,2759974,440134426.2,06-SEP-2023,28048,INE024001021,
AETHER,EQ,1004,1018,985.5,989.55,985.8,997.3,131192,130590945.85,06-SEP-2023,14818,INE0BWX01014,
AFFLE,EQ,1100,1139,1100,1125.35,1125.4,1095.45,629467,708742906.45,06-SEP-2023,35969,INE00WC01027,
AGARIND,EQ,1029.95,1055.35,1009.3,1018.9,1020,1025.55,94649,97798295.1,06-SEP-2023,12483,INE204E01012,
AGARWALFT,SM,48.05,51,47.55,50.4,49.9,49.25,117000,5813100,06-SEP-2023,39,INE0MLA01012,
AGI,EQ,720,731,705.15,708.8,713.8,723.85,87340,62399133.1,06-SEP-2023,6886,INE415A01038,
AGNI,SM,33.95,33.95,31.9,32.5,31.9,32.35,115000,3834500,06-SEP-2023,23,INE0LF301013,
AGRITECH,BE,204.5,205,203,203,203,204,7408,1514945.5,06-SEP-2023,49,INE449G01018,
AGROPHOS,EQ,44.9,48,43.05,43.7,44.4,42.8,645148,28578513.85,06-SEP-2023,3300,INE740V01019,
AGSTRA,EQ,64.5,64.5,63.65,64,64.25,64.35,205286,13126356.9,06-SEP-2023,2194,INE583L01014,
AGUL,SM,66.3,72,66.3,67.6,67.6,66.3,22000,1521600,06-SEP-2023,11,INE0O6N01012,
AHL,EQ,287,287,282.3,285.4,285.45,283.7,73899,21056773.75,06-SEP-2023,994,INE00ZE01026,
AHLADA,EQ,107.35,107.35,103.6,104.8,105.4,106.3,32538,3438218.55,06-SEP-2023,814,INE00PV01013,
AHLEAST,EQ,155.4,156.45,148.6,149.95,150,152.4,8569,1310428.4,06-SEP-2023,379,INE926K01017,
AHLUCONT,EQ,725,729.8,704.2,708.7,715.1,724.8,33471,23920749.1,06-SEP-2023,6190,INE758C01029,
AIAENG,EQ,3681.8,3689.1,3596,3648.05,3635,3680.35,55543,201978422.75,06-SEP-2023,10884,INE212H01026,
AILIMITED,SM,31.95,32.55,31.95,32.3,32.55,31,18000,581700,06-SEP-2023,3,INE0CAJ01017,
AIRAN,EQ,22.4,24.05,22.4,23.1,23.25,22.35,1835685,43063654.35,06-SEP-2023,6286,INE645W01026,
AIROLAM,BE,112.5,114.95,111,113.9,113.9,112.5,9703,1085251.1,06-SEP-2023,185,INE801L01010,
AIRTELPP,E1,473,489.9,469,486.4,487.4,473,247152,119243297.15,06-SEP-2023,5322,IN9397D01014,
AISL,SM,62.45,62.45,62.45,62.45,62.45,59.5,14400,899280,06-SEP-2023,9,INE635Y01015,
AJANTPHARM,EQ,1709.15,1755.4,1705.85,1739.65,1729,1710,122176,212174590.6,06-SEP-2023,26056,INE031B01049,
AJMERA,EQ,383.8,383.8,372.8,373.8,374.5,382.5,35423,13338285.5,06-SEP-2023,3576,INE298G01027,
AJOONI,BE,4.3,4.4,4.3,4.4,4.4,4.2,380624,1672568.9,06-SEP-2023,458,INE820Y01021,
AKASH,EQ,27.55,28.5,27.5,28.15,28.5,27.85,64129,1797338.65,06-SEP-2023,1177,INE737W01013,
AKG,BE,27,27.6,25.6,27.35,27.35,26.85,15538,405249.25,06-SEP-2023,56,INE00Y801016,
AKI,BE,14.25,14.25,14.25,14.25,14.25,14.5,7169,102158.25,06-SEP-2023,81,INE642Z01026,
AKSHAR,BE,7.6,7.7,7.4,7.7,7.7,7.6,23648,180353.25,06-SEP-2023,55,INE256Z01025,
AKSHARCHEM,EQ,279.9,282.05,268.65,271.2,269.1,277.1,17436,4784981.6,06-SEP-2023,2839,INE542B01011,
AKSHOPTFBR,EQ,11.95,12.2,11.8,12.1,12,11.85,899708,10808907.75,06-SEP-2023,1373,INE523B01011,
AKZOINDIA,EQ,2757,2757,2674,2700.95,2692.5,2734.2,14094,38055694.4,06-SEP-2023,3718,INE133A01011,
ALANKIT,EQ,10.3,10.45,10.15,10.25,10.25,10.25,573131,5904797.15,06-SEP-2023,1299,INE914E01040,
ALBERTDAVD,EQ,805,805,792.05,798.45,802.5,799.1,10148,8101799.2,06-SEP-2023,1637,INE155C01010,
ALEMBICLTD,EQ,85.4,85.5,82.65,84.2,83.75,84.7,998303,83785848.35,06-SEP-2023,8795,INE426A01027,
ALICON,EQ,917,933,871,878.65,878,911,120639,108083816.65,06-SEP-2023,12671,INE062D01024,
ALKALI,EQ,123,123,117,117.5,117.75,119.3,18702,2232571.7,06-SEP-2023,523,INE773I01017,
ALKEM,EQ,3660,3706.95,3633,3655.1,3656,3646.1,173948,638135729.95,06-SEP-2023,9650,INE540L01014,
ALKYLAMINE,EQ,2529,2540.7,2443.2,2480.45,2490,2505.05,53518,133279665.95,06-SEP-2023,9929,INE150B01039,
ALLCARGO,EQ,273.25,275,271,272.7,271.5,272.35,182857,49938729,06-SEP-2023,5623,INE418H01029,
ALLETEC,SM,179.75,179.75,170.15,172.2,172,181.25,200000,34618080,06-SEP-2023,124,INE0M2X01012,
ALLSEC,EQ,614,621,608.75,613.8,617.65,613.1,18303,11295857.1,06-SEP-2023,1913,INE835G01018,
ALMONDZ,EQ,89.9,90.8,87.6,89,89.5,89.95,65959,5835609.1,06-SEP-2023,526,INE326B01027,
ALOKINDS,EQ,21.2,21.9,20.75,21.7,21.45,20.95,65484771,1398415785.2,06-SEP-2023,65871,INE270A01029,
ALPA,EQ,79.6,82.9,77.25,81.05,81,78.95,166032,13329339.85,06-SEP-2023,2853,INE385I01010,
ALPHAGEO,EQ,318.25,324.4,310.05,315.55,315,315.5,62045,19716331.7,06-SEP-2023,4650,INE137C01018,
ALPSINDUS,BE,1.9,1.9,1.8,1.85,1.85,1.85,26738,49550.9,06-SEP-2023,83,INE093B01015,
AMARAJABAT,EQ,653,667.1,652.5,656.35,656.35,649.95,1841595,1213961748,06-SEP-2023,60847,INE885A01032,
AMBER,EQ,3027.95,3075,2993.05,3005.95,3002,3013.25,138428,419230564.15,06-SEP-2023,15992,INE371P01015,
AMBICAAGAR,BE,36.65,38.05,36.65,37.15,37.15,37.4,38953,1448344.3,06-SEP-2023,56,INE792B01012,
AMBIKCO,EQ,1664,1678.5,1641.95,1671.1,1672,1650.1,12382,20547515.5,06-SEP-2023,2032,INE540G01014,
AMBUJACEM,EQ,441,442,433.5,437.75,437.35,440.2,2410656,1054630461.2,06-SEP-2023,28378,INE079A01024,
AMDIND,BE,56.05,56.8,55.5,56,55.6,55.85,11555,647466,06-SEP-2023,106,INE005I01014,
AMEYA,SM,60.9,63,60.9,62.5,62.5,64,52000,3240600,06-SEP-2023,13,INE0KT901015,
AMIABLE,SM,86,86,84,85.5,84.5,84.5,11200,957600,06-SEP-2023,7,INE0MTP01013,
AMIORG,EQ,1329,1329.05,1306,1310.95,1316,1319.7,106690,140179856.65,06-SEP-2023,4262,INE00FF01017,
AMJLAND,EQ,35.9,36.3,33.5,33.85,33.9,35.65,168460,5840647.4,06-SEP-2023,1276,INE606A01024,
AMRUTANJAN,EQ,644.8,659.9,642.3,656.55,658,644.9,94051,61525208.8,06-SEP-2023,6500,INE098F01031,
ANANDRATHI,EQ,1393,1393,1370,1379.95,1375.05,1393.95,360025,495964942.5,06-SEP-2023,7060,INE463V01026,
ANANTRAJ,EQ,219.6,219.6,216.1,217.05,216.75,218.7,423301,92051028.65,06-SEP-2023,7482,INE242C01024,
ANDHRAPAP,EQ,481.2,544,471.55,536.35,533,473.3,2667411,1390924507.8,06-SEP-2023,67318,INE435A01028,
ANDHRSUGAR,EQ,122.75,126.8,121.85,125.15,125.1,121.8,1415913,176948343.25,06-SEP-2023,12364,INE715B01021,
ANDREWYU,EQ,31.05,32.3,30.35,31.45,31.25,30.85,2711625,85009880.4,06-SEP-2023,9467,INE449C01025,
ANGELONE,EQ,1865,1882.15,1815,1826.2,1822,1849.95,327461,606437520.85,06-SEP-2023,19603,INE732I01013,
ANIKINDS,BE,39.3,41.25,38.95,41.25,41.25,39.3,95038,3874229.9,06-SEP-2023,298,INE087B01017,
ANKITMETAL,EQ,3.45,3.45,3.45,3.45,3.45,3.3,19869,68548.05,06-SEP-2023,34,INE106I01010,
ANLON,SM,341.9,341.9,320,323.35,325,327.15,55200,17996460,06-SEP-2023,41,INE0LR101013,
ANMOL,BE,45.95,47.35,44.05,44.55,44.6,46.35,105433,4742098.9,06-SEP-2023,1098,INE02AR01019,
ANNAPURNA,SM,331.1,332,320,321.4,320,333.4,41000,13300100,06-SEP-2023,40,INE0MGM01017,
ANSALAPI,BE,9.8,9.8,9.3,9.65,9.7,9.6,53394,511183.95,06-SEP-2023,120,INE436A01026,
ANTGRAPHIC,BE,0.9,0.95,0.9,0.9,0.9,0.95,291210,266215.7,06-SEP-2023,254,INE414B01021,
ANUP,EQ,2159,2160,2105,2130.85,2121,2152.1,26914,57319394.75,06-SEP-2023,6200,INE294Z01018,
ANURAS,EQ,1001,1003.8,987,999.7,996.1,1000.7,167502,167302826.1,06-SEP-2023,4221,INE930P01018,
APARINDS,EQ,4936.85,4956.4,4850,4880,4897,4937.55,80007,392099740.55,06-SEP-2023,16899,INE372A01015,
APCL,EQ,196,199,192.5,198.05,197.8,191.2,66401,13092371.35,06-SEP-2023,2794,INE071F01012,
APCOTEXIND,EQ,539.9,543,526.15,528.7,528.5,536.15,28635,15181300.55,06-SEP-2023,3272,INE116A01032,
APEX,EQ,245.55,245.55,236.4,240.6,240.3,243.75,380239,91309540.8,06-SEP-2023,7792,INE346W01013,
APLAPOLLO,EQ,1800,1800,1725,1790.35,1788.95,1795.3,977138,1726624480.55,06-SEP-2023,66465,INE702C01027,
APLLTD,EQ,778,789.85,765.2,785.3,785,778.3,177859,138874442.25,06-SEP-2023,12427,INE901L01018,
APOLLO,EQ,53.75,54,52.6,53.35,53.45,53.75,1101260,58585995.45,06-SEP-2023,5591,INE713T01028,
APOLLOHOSP,EQ,4980,5043.65,4954,5033.1,5021.05,4984.5,535407,2679011598.2,06-SEP-2023,47257,INE437A01024,
APOLLOPIPE,EQ,692.95,694,675,690.8,688.1,684.75,66219,45321602.4,06-SEP-2023,5209,INE126J01016,
APOLLOTYRE,EQ,382.5,384.85,371.25,382.25,382,383.6,3106579,1176109500.3,06-SEP-2023,47568,INE438A01022,
APOLSINHOT,BE,1628.1,1662.2,1628.1,1662,1662,1661.3,2661,4371401.8,06-SEP-2023,84,INE451F01024,
APTECHT,EQ,308.45,312,305.9,306.3,307,307.25,218841,67298691.35,06-SEP-2023,8774,INE266F01018,
APTUS,EQ,267.5,275.1,267.45,273.2,273.3,267.85,680333,185785853.4,06-SEP-2023,20503,INE852O01025,
ARCHIDPLY,BE,69.85,71.5,69.05,71.4,71.5,69.85,32857,2307793.45,06-SEP-2023,143,INE877I01016,
ARCHIES,BE,28.6,28.6,27.6,27.8,27.8,28.05,28243,789468.8,06-SEP-2023,184,INE731A01020,
ARENTERP,BE,32.9,34.45,32.9,34.05,34.45,32.9,9147,310910.4,06-SEP-2023,45,INE610C01014,
ARHAM,SM,120,120,116.6,118,118,120.2,9000,1063800,06-SEP-2023,3,INE0L2Y01011,
ARIES,EQ,182.75,187.65,182.35,186.95,186.75,181.2,164205,30401315.55,06-SEP-2023,3579,INE298I01015,
ARIHANTCAP,EQ,61.35,62.45,59.5,61.45,61.9,61.1,752537,45866700.45,06-SEP-2023,5280,INE420B01036,
ARIHANTSUP,EQ,173.75,176.55,169,175.55,176,173.6,147054,25436469.9,06-SEP-2023,2187,INE643K01018,
ARISTO,SM,90,90.5,84,87.65,87,89.8,30400,2657680,06-SEP-2023,19,INE082101010,
ARMANFIN,EQ,2398,2398,2303.85,2317.4,2324,2385.85,14071,33142831.8,06-SEP-2023,2460,INE109C01017,
AROGRANITE,EQ,57.65,57.7,54,55,55.5,57,98623,5468579.85,06-SEP-2023,1367,INE210C01013,
ARROWGREEN,BE,346.9,361,340,349.05,348.05,344,25169,8866615,06-SEP-2023,262,INE570D01018,
ARSHIYA,BE,5.2,5.4,5.2,5.4,5.4,5.3,385277,2041837.85,06-SEP-2023,162,INE968D01022,
ARSSINFRA,BE,20.85,20.9,20.15,20.45,20.9,19.95,32629,679533.6,06-SEP-2023,155,INE267I01010,
ARTEMISMED,EQ,131.3,149.9,130.6,143,143,128,1463546,208389378.15,06-SEP-2023,17084,INE025R01021,
ARTNIRMAN,BE,53.1,53.1,51.1,52.9,52.9,52.05,4380,231037.5,06-SEP-2023,25,INE738V01013,
ARVEE,BE,108,108,108,108,108,106.4,128,13824,06-SEP-2023,6,INE006Z01016,
ARVIND,EQ,172.6,173.95,165.6,168.4,168.6,170.9,1264988,213802557.8,06-SEP-2023,17712,INE034A01011,
ARVINDFASN,EQ,331.5,333,325.95,331.55,331.25,329.35,376502,123997036.05,06-SEP-2023,12142,INE955V01021,
ARVSMART,EQ,357.3,364.4,352.6,354.35,353,357.3,26202,9321198.45,06-SEP-2023,2089,INE034S01021,
ASAHIINDIA,EQ,566,571,549,550.95,552,565.95,194438,108115594.55,06-SEP-2023,8961,INE439A01020,
ASAHISONG,EQ,229,231.25,224.05,224.8,225,228.3,22864,5170796.85,06-SEP-2023,1468,INE228I01012,
ASAL,EQ,419.35,481.8,417,447.95,453,415.35,1259186,579878546,06-SEP-2023,39431,INE900C01027,
ASALCBR,EQ,437.9,461.95,434.15,449.95,449.65,435.65,258884,116879554.05,06-SEP-2023,15437,INE073G01016,
ASHAPURMIN,EQ,262.4,284,255.8,273.75,274.4,262.4,2275048,620828667.95,06-SEP-2023,31074,INE348A01023,
ASHIANA,EQ,210.9,211.8,207.3,208.05,208.45,210.05,78751,16482946.5,06-SEP-2023,2234,INE365D01021,
ASHIMASYN,EQ,13.65,13.95,12.9,13.15,13.1,13.65,1513092,19835703.45,06-SEP-2023,1814,INE440A01010,
ASHOKA,EQ,113.75,114.7,108.35,109.25,110,112.5,4501555,497545681.2,06-SEP-2023,22239,INE442H01029,
ASHOKAMET,BE,18.8,18.8,17.8,18,18,18,21377,387617.7,06-SEP-2023,95,INE760Y01011,
ASHOKLEY,EQ,183.3,183.7,181.5,182.05,182.45,183.4,11766095,2142798876.8,06-SEP-2023,57428,INE208A01029,
ASIANENE,BE,148.05,148.05,143,143,143,145.15,10926,1568695.1,06-SEP-2023,105,INE276G01015,
ASIANHOTNR,BE,158.5,158.5,156.25,156.45,156.25,158.7,1042,163359,06-SEP-2023,32,INE363A01022,
ASIANPAINT,EQ,3209,3230,3195,3225.3,3223,3223.3,754106,2424921818.85,06-SEP-2023,64778,INE021A01026,
ASIANTILES,EQ,65.1,65.85,63.8,64.2,64.25,65.45,741394,47875132.95,06-SEP-2023,4360,INE022I01019,
ASMS,BZ,11.1,11.2,10.85,11.05,10.95,11.05,48681,532682.15,06-SEP-2023,127,INE855F01042,
ASPINWALL,EQ,257,257.8,244,249.7,248,250.95,5625,1405546.9,06-SEP-2023,323,INE991I01015,
ASTEC,EQ,1408.05,1424,1392.75,1420.4,1423.5,1408.2,8905,12531345.5,06-SEP-2023,1725,INE563J01010,
ASTERDM,EQ,339.8,339.8,332,336.35,335.45,336.2,210136,70677849.6,06-SEP-2023,9213,INE914M01019,
ASTRAL,EQ,1920,1927.7,1888.25,1898.3,1897.25,1914.45,402247,764576614.85,06-SEP-2023,29791,INE006I01046,
ASTRAMICRO,EQ,384.8,389,383,386.35,385.8,385.55,279955,108003266.75,06-SEP-2023,7527,INE386C01029,
ASTRAZEN,EQ,4339,4361.8,4290.05,4325.75,4319.05,4331.05,4476,19323257.25,06-SEP-2023,1863,INE203A01020,
ASTRON,EQ,31,35.5,30.65,35.15,35.1,30.75,1682229,56808307,06-SEP-2023,8342,INE646X01014,
ATALREAL,EQ,109.05,110,94.6,94.6,94.6,105.1,1406538,137426589.5,06-SEP-2023,9393,INE0ALR01011,
ATAM,EQ,190,190,185.5,187.25,187.45,184.15,14564,2732512,06-SEP-2023,510,INE09KD01013,
ATFL,EQ,881.6,925,881.6,912,901,887.7,15353,13983712.2,06-SEP-2023,1881,INE209A01019,
ATGL,EQ,637.95,650,633,644.7,643.35,633.4,868086,556708090.35,06-SEP-2023,23276,INE399L01023,
ATL,EQ,31.7,35.8,31.65,35.5,35.7,31.5,2515626,86578287.3,06-SEP-2023,10403,INE0NN701020,
ATLANTA,BE,14.4,14.4,13.7,14.25,14.3,14.2,16171,228573,06-SEP-2023,108,INE285H01022,
ATUL,EQ,7392.95,7490,7352,7463.65,7479,7399.9,34808,258559157.25,06-SEP-2023,5605,INE100A01010,
ATULAUTO,EQ,630.4,642,603.75,616.85,621,621.65,267245,166011445.8,06-SEP-2023,7779,INE951D01028,
AUBANK,EQ,716.3,722.9,712.25,719.35,719,714.95,2378658,1705705290.5,06-SEP-2023,57904,INE949L01017,
AURDIS,SM,227.95,231,227.95,231,231,220,20000,4612950,06-SEP-2023,15,INE448V01019,
AURIONPRO,EQ,1125,1175.8,1125,1175.8,1175.8,1119.85,22908,26460474.3,06-SEP-2023,910,INE132H01018,
AUROIMPEX,SM,72.7,73,70,70.65,70.25,72.2,57600,4115520,06-SEP-2023,31,INE0NUL01018,
AUROPHARMA,EQ,856,869.8,850.65,863.25,863.9,851.6,2158917,1859213583.15,06-SEP-2023,41660,INE406A01037,
AURUM,EQ,135,136.5,131,131.95,132,133.85,68389,9117907.55,06-SEP-2023,1839,INE898S01029,
AURUMPP,E1,71.55,72.95,69.4,70.15,70.85,71.1,4032,285886,06-SEP-2023,90,IN9898S01019,
AUSOMENT,EQ,77.6,79,77.6,78.55,78.3,77.6,5331,417810.9,06-SEP-2023,243,INE218C01016,
AUTOAXLES,EQ,2201,2251.8,2200.05,2234.6,2238,2213.7,16016,35763874.45,06-SEP-2023,3280,INE449A01011,
AUTOBEES,EQ,162.17,163.28,161.12,161.55,162,162.17,67591,10931091.51,06-SEP-2023,1393,INF204KC1337,
AUTOIND,BE,88.2,89.9,86,87.75,88,88.5,90815,7983151.85,06-SEP-2023,512,INE718H01014,
AVADHSUGAR,EQ,615.9,695,615.9,673.35,671.9,612.8,1466388,984705317.9,06-SEP-2023,48240,INE349W01017,
AVALON,EQ,546.95,605,545.5,583.9,592.05,543.35,3134206,1839537267.6,06-SEP-2023,112641,INE0LCL01028,
AVANTIFEED,EQ,440,443.1,433,434.35,433.15,437.7,264983,115558973.1,06-SEP-2023,13216,INE871C01038,
AVG,EQ,257.05,257.05,238.15,242,243.95,250.9,25005,6125535.65,06-SEP-2023,998,INE680Z01018,
AVONMORE,BE,80.7,80.85,78,78.35,79.35,79.2,11437,903105.95,06-SEP-2023,109,INE323B01016,
AVROIND,EQ,119.2,119.2,114.5,115.45,115.8,116.5,14435,1678615.65,06-SEP-2023,565,INE652Z01017,
AVTNPL,EQ,82.35,82.35,81.2,81.5,81.25,81.15,109662,8953608.95,06-SEP-2023,1828,INE488D01021,
AWHCL,EQ,338.5,341,330.25,333.65,333.5,335.45,135433,45469478.75,06-SEP-2023,5825,INE01BK01022,
AWL,EQ,351,355.3,348.4,352.65,352.5,350.4,2208978,778485531.3,06-SEP-2023,34732,INE699H01024,
AXISBANK,EQ,981.45,983.15,961.8,965.05,966.95,981.45,16351052,15863375525.75,06-SEP-2023,332757,INE238A01034,
AXISBNKETF,EQ,451.5,452.09,449.51,450.12,452.09,451.28,2043,920364.71,06-SEP-2023,47,INF846K01X63,
AXISBPSETF,EQ,11.16,11.17,11.14,11.16,11.17,11.14,12409,138500.79,06-SEP-2023,280,INF846K01Z04,
AXISCADES,BE,569,588,563.05,585.05,587,562.3,62031,36034110.45,06-SEP-2023,909,INE555B01013,
AXISCETF,EQ,85.39,85.9,85.11,85.53,85.9,85.33,1755,149965.39,06-SEP-2023,22,INF846K016C7,
AXISGOLD,EQ,50.68,50.68,50.46,50.61,50.6,50.63,56831,2875690.93,06-SEP-2023,1146,INF846K01W80,
AXISHCETF,EQ,98.39,98.39,96.76,97.95,98.36,97.35,5028,491914.98,06-SEP-2023,72,INF846K01Z12,
AXISILVER,EQ,74.28,74.28,73.22,73.46,73.54,73.63,6244,459786.9,06-SEP-2023,117,INF846K011K1,
AXISNIFTY,EQ,209.66,210.02,208.64,209.78,210.02,209.55,2268,475307.27,06-SEP-2023,132,INF846K01W98,
AXISTECETF,EQ,342,343.4,333.55,336.52,337,336.62,2462,827645.58,06-SEP-2023,121,INF846K01Y96,
AXITA,BE,26.85,27,26.6,26.85,26.75,26.6,553455,14836268.3,06-SEP-2023,1662,INE02EZ01022,
AXSENSEX,EQ,67.39,67.39,65.76,66.17,66.47,66.07,2303,152233.17,06-SEP-2023,65,INF846K010Q0,
AYMSYNTEX,EQ,72.95,73.2,70.05,71.25,71.05,72.25,35530,2553766.2,06-SEP-2023,702,INE193B01039,
BAGFILMS,BE,5.8,5.8,5.65,5.8,5.8,5.65,124054,710809.9,06-SEP-2023,360,INE116D01028,
BAHETI,SM,157.65,157.65,148,151,151,152.25,15000,2263125,06-SEP-2023,10,INE029Q01017,
BAIDFIN,EQ,38.25,38.7,37.75,38.3,38.25,38,722538,27523418.85,06-SEP-2023,1785,INE020D01022,
BAJAJ-AUTO,EQ,4701.5,4710,4666.7,4683.8,4688.5,4701.6,224928,1053923440.2,06-SEP-2023,30272,INE917I01010,
BAJAJCON,EQ,248.5,252.95,247.9,251.8,251.9,247.55,595018,149369480.35,06-SEP-2023,13611,INE933K01021,
BAJAJELEC,EQ,1178.75,1223,1162.95,1200.45,1204,1173.15,208757,250678080.4,06-SEP-2023,22123,INE193E01025,
BAJAJFINSV,EQ,1510.95,1522.45,1504.2,1518.2,1519,1510.45,712220,1078017634.5,06-SEP-2023,47369,INE918I01026,
BAJAJHCARE,EQ,375.95,380,362.95,376.15,373.35,372.55,269921,100164128.1,06-SEP-2023,10657,INE411U01027,
BAJAJHIND,EQ,28.6,29.85,28.55,29.15,29,28.35,38365421,1123198315.65,06-SEP-2023,43409,INE306A01021,
BAJAJHLDNG,EQ,7200,7215,7162.1,7191,7180,7176.8,11332,81562855.2,06-SEP-2023,3476,INE118A01012,
BAJFINANCE,EQ,7315.3,7397,7290.7,7387.8,7391,7345.1,605157,4446391254.4,06-SEP-2023,67522,INE296A01024,
BALAJITELE,EQ,69.2,69.3,66.5,67.35,66.6,68.4,456563,30906480.3,06-SEP-2023,3383,INE794B01026,
BALAMINES,EQ,2229,2258.15,2202.1,2226.55,2225.1,2224,50101,111578712.55,06-SEP-2023,7301,INE050E01027,
BALAXI,EQ,472,475.75,465.05,469.9,471.7,465.15,2934,1387345.4,06-SEP-2023,266,INE618N01014,
BALKRISHNA,EQ,28,29.1,27.75,29.1,29.1,27.75,139982,4012067.25,06-SEP-2023,1160,INE875R01011,
BALKRISIND,EQ,2410.55,2432.95,2404.05,2416.25,2417.3,2407.85,185472,447716015.5,06-SEP-2023,9569,INE787D01026,
BALMLAWRIE,EQ,168.45,168.85,163.55,165.8,166.05,168,1104508,182987781.45,06-SEP-2023,11254,INE164A01016,
BALPHARMA,EQ,95.15,99.7,95.1,98.2,98.3,95.5,95306,9353807.5,06-SEP-2023,1718,INE083D01012,
BALRAMCHIN,EQ,407,415.75,406.5,412.6,411,404.4,4651567,1919872204.7,06-SEP-2023,39107,INE119A01028,
BANARBEADS,EQ,96.85,97,94,94.25,94,96,14646,1392566.15,06-SEP-2023,668,INE655B01011,
BANARISUG,EQ,2751,2895,2717.05,2793.85,2843.9,2751,10811,30598217.3,06-SEP-2023,1933,INE459A01010,
BANCOINDIA,EQ,526.85,527.9,516.5,520.95,518.1,524.35,140763,73304072.65,06-SEP-2023,7660,INE213C01025,
BANDHANBNK,EQ,234.85,236.15,232.3,234,233.9,234.65,7414501,1736996871.45,06-SEP-2023,60815,INE545U01014,
BANG,EQ,48.15,49.9,47.2,47.8,47.4,48.9,109752,5329665,06-SEP-2023,1005,INE863I01016,
BANKA,EQ,80.95,80.95,75.85,76.55,77.7,78.15,42374,3299398.15,06-SEP-2023,681,INE862Y01015,
BANKBARODA,EQ,196.5,197.55,194,195,194.55,195.8,15607001,3051417802.65,06-SEP-2023,100015,INE028A01039,
BANKBEES,EQ,459,459,451.46,453.55,454.28,454.67,292824,132709021,06-SEP-2023,6213,INF204KB15I9,
BANKETF,EQ,446.3,446.3,443.38,445.45,445.91,446.67,488,217030.81,06-SEP-2023,40,INF769K01KR3,
BANKINDIA,EQ,93.8,94.4,91.7,92.85,92.7,93.4,12765884,1186139037.9,06-SEP-2023,30793,INE084A01016,
BANSWRAS,EQ,169.65,170.85,165.1,167.7,167.9,169.65,65953,11058604.55,06-SEP-2023,2670,INE629D01020,
BARBEQUE,EQ,701.95,718,697.05,702,704,699.75,89283,63014058.55,06-SEP-2023,5664,INE382M01027,
BASF,EQ,2775,2829,2748,2819.1,2805,2757.4,37164,103782882.25,06-SEP-2023,6118,INE373A01013,
BASML,EQ,51.35,51.9,49.85,50.1,50.05,50.6,89937,4547646.15,06-SEP-2023,1217,INE186H01022,
BATAINDIA,EQ,1686,1699,1678.1,1686.55,1688.2,1681.9,154904,261612068.45,06-SEP-2023,10009,INE176A01028,
BAYERCROP,EQ,5272,5365,5184,5245.4,5228,5240.5,86945,458049532.05,06-SEP-2023,17093,INE462A01022,
BBETF0432,EQ,1083.13,1085,1083.12,1083.46,1085,1083.95,1691,1831711.36,06-SEP-2023,39,INF754K01OB1,
BBL,EQ,4124.45,4193,4001.1,4019.85,4040,4103.9,27310,111259208.05,06-SEP-2023,5459,INE464A01028,
BBOX,EQ,219.95,222.15,212,213.5,213.6,218.75,176096,38004137.45,06-SEP-2023,5771,INE676A01027,
BBTC,EQ,1090.8,1129.9,1085.05,1096.8,1101,1091.75,165644,183412284.2,06-SEP-2023,12346,INE050A01025,
BBTCL,EQ,243.85,248.9,243.85,244.45,244.35,245,5397,1324886.55,06-SEP-2023,393,INE01EE01011,
BCG,EQ,13.9,13.9,13.9,13.9,13.9,14.6,3106156,43175568.4,06-SEP-2023,14505,INE425B01027,
BCLIND,EQ,488.55,497.95,485,492.1,490,488.55,117086,57655040.05,06-SEP-2023,8118,INE412G01016,
BCONCEPTS,BE,464.25,465,464,465,465,455.9,9178,4262991.5,06-SEP-2023,83,INE977Y01011,
BDL,EQ,1172.85,1179,1146.45,1149.3,1152,1169.25,330539,383597738.05,06-SEP-2023,13284,INE171Z01018,
BEARDSELL,BE,36.1,36.1,34,34.7,35,34.4,135871,4768119.3,06-SEP-2023,410,INE520H01022,
BECTORFOOD,EQ,1027,1034.95,1007.6,1014.2,1025,1019.05,98468,100493054.95,06-SEP-2023,9855,INE495P01012,
BEDMUTHA,EQ,71.9,71.9,68.4,71.4,71,71.15,35335,2478190.85,06-SEP-2023,698,INE844K01012,
BEL,EQ,140.5,140.75,137.75,138.3,138.45,139.7,10151022,1408897788.55,06-SEP-2023,59711,INE263A01024,
BEML,EQ,2525,2544.7,2485,2494.3,2489,2503.45,299222,749956828.7,06-SEP-2023,19929,INE258A01016,
BEPL,EQ,97.95,98.1,95.5,96.1,96.25,97.45,750098,72384627.05,06-SEP-2023,6623,INE922A01025,
BERGEPAINT,EQ,707.4,717,700.05,715.75,713.05,709.45,838720,594679435.35,06-SEP-2023,20024,INE463A01038,
BETA,SM,1019,1099.4,1007.95,1074.25,1080,994.5,24000,25779020,06-SEP-2023,112,INE351Y01019,
BEWLTD,SM,1375,1380,1365,1380,1380,1399,2000,2747512.5,06-SEP-2023,6,INE0HQI01014,
BFINVEST,EQ,533.2,546,522.7,533.55,532.85,533.2,127792,68433988.4,06-SEP-2023,7822,INE878K01010,
BFSI,EQ,20.7,20.7,19.98,20.1,20.14,20.09,189747,3807225,06-SEP-2023,1231,INF769K01HI8,
BFUTILITIE,EQ,750,773.7,741.7,755.35,750,751,363552,275129880.05,06-SEP-2023,8705,INE243D01012,
BGRENERGY,EQ,70.6,78,68.55,73.4,77,70.35,3849265,278793733.05,06-SEP-2023,18372,INE661I01014,
BHAGCHEM,EQ,1288.9,1290,1253.5,1276.35,1278.5,1268.8,6554,8344480.85,06-SEP-2023,772,INE414D01019,
BHAGERIA,EQ,161.5,164.1,160.1,160.7,161,161.8,18909,3056458.95,06-SEP-2023,935,INE354C01027,
BHAGYANGR,EQ,74.75,83.6,72.5,79.1,79.3,74.1,731918,57876192.1,06-SEP-2023,10272,INE458B01036,
BHANDARI,BE,7.05,7.1,6.85,7.05,7.05,7,703228,4918173,06-SEP-2023,1647,INE474E01029,
BHARATFORG,EQ,1101,1110,1091.55,1099,1100.05,1097.4,889082,977864066.3,06-SEP-2023,29710,INE465A01025,
BHARATGEAR,EQ,126.8,128.45,126.2,127.75,127.25,126.8,85271,10870371.75,06-SEP-2023,1453,INE561C01019,
BHARATRAS,EQ,9167.95,9167.95,9052.55,9094.05,9113,9017.05,709,6462932.9,06-SEP-2023,373,INE838B01013,
BHARATWIRE,EQ,247.1,247.1,235.1,237.8,238,245.15,396724,95119760.4,06-SEP-2023,7322,INE316L01019,
BHARTIARTL,EQ,867.15,882.4,865.8,880.3,879.95,865.9,4235096,3704815138.25,06-SEP-2023,140495,INE397D01024,
BHEL,EQ,138.5,138.6,134.5,135.55,135.3,138.4,26583311,3613629669.95,06-SEP-2023,99160,INE257A01026,
BIGBLOC,EQ,167.65,170.95,164.95,166.35,167,167.65,80397,13503537.3,06-SEP-2023,2508,INE412U01025,
BIKAJI,EQ,515,528.8,507,522.75,519.7,512.35,1995712,1035118654.1,06-SEP-2023,47354,INE00E101023,
BIL,BE,222.25,222.3,222.25,222.3,222.3,226.75,1541,342539,06-SEP-2023,32,INE828A01016,
BINANIIND,BE,15.15,15.45,15.15,15.45,15.45,15.15,9344,143147.85,06-SEP-2023,33,INE071A01013,
BIOCON,EQ,267.95,273.5,265.65,269.4,269.05,267.1,3864756,1041979411.8,06-SEP-2023,32110,INE376G01013,
BIOFILCHEM,EQ,51.45,52.5,50,51.45,52,49.75,86405,4437048.55,06-SEP-2023,1471,INE829A01014,
BIRET,RR,247.94,249.2,247.05,247.52,247.5,247.94,62036,15376456.4,06-SEP-2023,1245,INE0FDU25010,
BIRLACABLE,EQ,399.95,403.5,397.1,403.5,403.5,384.3,221402,89161143.65,06-SEP-2023,1501,INE800A01015,
BIRLACORPN,EQ,1243.9,1258.95,1230,1241.85,1245,1241.95,63213,78447035.1,06-SEP-2023,8819,INE340A01012,
BIRLAMONEY,EQ,73,73,69.8,70.2,70.25,71.9,223620,15824654.25,06-SEP-2023,2451,INE865C01022,
BKMINDST,BZ,0.75,0.75,0.7,0.75,0.75,0.7,175257,131362.15,06-SEP-2023,52,INE831Q01016,
BLAL,EQ,180,185.95,180,182.05,182.15,178.8,282445,51638227.25,06-SEP-2023,5387,INE0N7W01012,
BLBLIMITED,EQ,21.45,21.65,21,21.15,21.15,21.05,145802,3104330.65,06-SEP-2023,804,INE791A01024,
BLISSGVS,EQ,96.6,97.45,94.5,95.45,95.45,96.45,208302,19984802.25,06-SEP-2023,2429,INE416D01022,
BLKASHYAP,EQ,55.3,55.4,53.5,53.85,53.95,54.9,402440,21839089.95,06-SEP-2023,2146,INE350H01032,
BLS,EQ,295.95,300.15,290,294.4,291.2,295.25,3348840,991044237.75,06-SEP-2023,81048,INE153T01027,
BLUECHIP,BE,2.1,2.1,2.1,2.1,2.1,2.15,27247,57218.7,06-SEP-2023,53,INE657B01025,
BLUEDART,EQ,6228.1,6341.2,6210,6243.65,6250,6228.1,25299,158285725.7,06-SEP-2023,6895,INE233B01017,
BLUESTARCO,EQ,742.25,756.8,741.55,751.25,751.2,742,92118,69187521.95,06-SEP-2023,8866,INE472A01039,
BMETRICS,SM,143.9,143.9,128.05,132.75,138,142.25,177200,22929980,06-SEP-2023,330,INE0I3Y01014,
BODALCHEM,EQ,85.1,86.7,83.1,85.55,85.45,84.55,1036158,87988982.2,06-SEP-2023,7142,INE338D01028,
BOMDYEING,EQ,148.95,153.85,146.3,150.85,151.05,148.45,8159901,1231850125.15,06-SEP-2023,37383,INE032A01023,
BOROLTD,EQ,431,434.2,415,425.15,424.9,430.8,122968,52345923.2,06-SEP-2023,8801,INE02PY01013,
BORORENEW,EQ,442.95,446.8,439,440.05,439.9,440.05,319566,141189851.85,06-SEP-2023,17392,INE666D01022,
BOSCHLTD,EQ,19160,19329.05,19091.05,19275.15,19260.05,19150.8,14855,285750887.6,06-SEP-2023,4315,INE323A01026,
BPCL,EQ,349.95,353.85,348.05,353.15,353,350.2,3375527,1186247375.1,06-SEP-2023,59765,INE029A01011,
BPL,EQ,73,74.8,71,72.5,72.3,72.95,290561,21141519.2,06-SEP-2023,3385,INE110A01019,
BRIGADE,EQ,634.9,649.95,620.55,624.1,622.4,631.55,286603,182772182.55,06-SEP-2023,16926,INE791I01019,
BRIGHT,SM,5.5,5.5,5.3,5.5,5.5,5.25,318000,1745400,06-SEP-2023,72,INE684Z01010,
BRITANNIA,EQ,4520,4590,4503.05,4569.15,4579.8,4514.95,300673,1368791724.75,06-SEP-2023,32924,INE216A01030,
BRITANNIA,N3,28.68,28.95,28.68,28.75,28.75,28.74,2082,59842.96,06-SEP-2023,76,INE216A08027,
BRNL,EQ,41.8,43.15,40.25,41.2,41.25,41.9,256468,10650742.75,06-SEP-2023,2360,INE727S01012,
BROOKS,BE,105.7,105.7,105.7,105.7,105.7,103.65,47710,5042947,06-SEP-2023,96,INE650L01011,
BSE,EQ,1166,1229,1108,1205.35,1195,1187.2,5874397,6906614454.95,06-SEP-2023,168117,INE118H01025,
BSHSL,BE,262.7,264.9,262,264.9,264.9,252.3,60909,16072036.85,06-SEP-2023,501,INE032Z01020,
BSL,BE,170.4,172.95,169,169.05,169,169.75,3187,542238.1,06-SEP-2023,43,INE594B01012,
BSLGOLDETF,EQ,53.7,53.7,53.05,53.37,53.39,53.38,196294,10425051.08,06-SEP-2023,201,INF209KB18D3,
BSLNIFTY,EQ,22.75,22.75,21.7,22.21,22.22,22.17,131752,2924440.17,06-SEP-2023,3090,INF209KB19D1,
BSLSENETFG,EQ,65.77,65.77,63.9,64.48,64.5,64.37,783,50382.31,06-SEP-2023,74,INF209KB10E8,
BSOFT,EQ,524.45,530.8,515.8,518.7,520,524.8,2392443,1247604047.1,06-SEP-2023,28523,INE836A01035,
BTML,BE,142,147.4,139.2,143.85,143.85,141.1,3533,499571.95,06-SEP-2023,40,INE0EEJ01015,
BURNPUR,EQ,5,5.15,4.9,5,5,4.95,644185,3243835.95,06-SEP-2023,645,INE817H01014,
BUTTERFLY,EQ,1268,1268,1235.05,1254.35,1262,1235.4,6742,8439497.35,06-SEP-2023,1428,INE295F01017,
BVCL,BE,38.75,39.6,37.4,38.4,38.2,38.7,18893,722887,06-SEP-2023,62,INE139I01011,
BYKE,EQ,40.7,40.75,39.2,39.85,40,40.1,168020,6700202.95,06-SEP-2023,1163,INE319B01014,
CADSYS,SM,155.7,155.7,155.7,155.7,155.7,148.3,10000,1557000,06-SEP-2023,5,INE090Y01013,
CALSOFT,EQ,14.4,14.4,13.95,14.15,14.3,14.15,9691,137164.75,06-SEP-2023,130,INE526B01014,
CAMLINFINE,EQ,172.9,172.9,168.05,171.5,171.75,171.9,682761,116233245.4,06-SEP-2023,7399,INE052I01032,
CAMPUS,EQ,298.65,301.35,296.6,299.65,299.5,296.15,835840,250270883.45,06-SEP-2023,21027,INE278Y01022,
CAMS,EQ,2448.7,2504.25,2448,2474.75,2474,2447.15,97513,241355641,06-SEP-2023,12852,INE596I01012,
CANBK,EQ,339.25,339.25,332.55,334.2,334.5,338.45,4505165,1508996597.1,06-SEP-2023,27527,INE476A01014,
CANFINHOME,EQ,784.75,792,775,782.1,781,782.9,561361,440009451.5,06-SEP-2023,16755,INE477A01020,
CANTABIL,EQ,1028.55,1047.35,1017.1,1037,1035,1021.9,16255,16679989.75,06-SEP-2023,1472,INE068L01016,
CAPACITE,EQ,230,230.8,221,225.75,227.5,228,553053,124937892.95,06-SEP-2023,10510,INE264T01014,
CAPLIPOINT,EQ,1125,1127.9,1087.55,1093.1,1095,1114.05,108264,119481880.5,06-SEP-2023,9338,INE475E01026,
CAPTRUST,EQ,100.5,103.55,98.5,99.45,99.85,100.55,10952,1098859.7,06-SEP-2023,374,INE707C01018,
CARBORUNIV,EQ,1187.95,1187.95,1166.1,1185.4,1180.2,1184.2,94936,112218161.6,06-SEP-2023,11102,INE120A01034,
CAREERP,BE,219.9,220,213,216.25,216,215.4,9339,2023829.6,06-SEP-2023,116,INE521J01018,
CARERATING,EQ,815,832.15,807,827.35,828,813.15,84903,70000319.8,06-SEP-2023,7904,INE752H01013,
CARTRADE,EQ,584.95,611.3,582.05,603.4,606,580.6,571821,345158000.6,06-SEP-2023,27814,INE290S01011,
CARYSIL,EQ,698.1,698.1,674.9,682,683.45,691.8,65381,44449268.05,06-SEP-2023,4372,INE482D01024,
CASTROLIND,EQ,150.6,160.1,150,155.2,154.7,149,13979258,2187487055.65,06-SEP-2023,80037,INE172A01027,
CCHHL,BE,9.4,9.6,8.9,9.35,9.4,9.3,101589,933585.55,06-SEP-2023,246,INE652F01027,
CCL,EQ,631.9,643.95,626.5,641.65,641.45,628.8,260717,166195234.45,06-SEP-2023,19406,INE421D01022,
CDSL,EQ,1236,1243.7,1206.35,1220.85,1222,1225.45,1563196,1907550465.2,06-SEP-2023,70469,INE736A01011,
CEATLTD,EQ,2252.6,2267.3,2235.35,2240.55,2243.05,2243.25,134559,302071225.05,06-SEP-2023,10920,INE482A01020,
CELEBRITY,EQ,19.9,20,18.9,19.2,19.35,19.35,299702,5786205.55,06-SEP-2023,1125,INE185H01016,
CELLPOINT,SM,59.4,59.4,54.7,56.45,54.7,58.05,40800,2330340,06-SEP-2023,34,INE0O0001013,
CENTENKA,EQ,440,444,432.5,434.85,436,441.45,34842,15246353.7,06-SEP-2023,2427,INE485A01015,
CENTEXT,EQ,17.7,17.9,17.2,17.9,17.9,16.3,1692933,30123441.8,06-SEP-2023,2297,INE281A01026,
CENTRALBK,EQ,38.65,38.9,37.7,38.4,38.2,38.45,14313332,546552888.8,06-SEP-2023,21917,INE483A01010,
CENTRUM,EQ,27.35,27.7,26.2,26.55,26.7,26.65,784709,21054104.15,06-SEP-2023,2123,INE660C01027,
CENTUM,BE,1620.1,1654,1600,1647.8,1649.95,1619.45,15750,25667901.15,06-SEP-2023,1030,INE320B01020,
CENTURYPLY,EQ,719.45,722.1,701,704.3,701,712.55,128039,90581186.4,06-SEP-2023,8830,INE348B01021,
CENTURYTEX,EQ,1114.95,1114.95,1080.85,1088.45,1090,1114.95,287269,314375815.4,06-SEP-2023,14925,INE055A01016,
CERA,EQ,9285,9345.75,8980,9040.2,9050,9299.25,30239,275276554.15,06-SEP-2023,10407,INE739E01017,
CEREBRAINT,BE,6.25,6.25,6.25,6.25,6.25,6.35,603919,3774493.75,06-SEP-2023,383,INE345B01019,
CESC,EQ,89.5,92.65,87.3,92.1,91.9,89.15,12276772,1106978139.8,06-SEP-2023,43273,INE486A01021,
CGCL,EQ,817.55,819,804.7,809.75,810,813.4,156677,127503535.25,06-SEP-2023,9404,INE180C01026,
CGPOWER,EQ,437.45,438.3,429.7,431.6,432.4,437.45,1013008,438021815.15,06-SEP-2023,28554,INE067A01029,
CHALET,EQ,531.9,544.65,528.25,539.3,538,529.45,333612,179976146.05,06-SEP-2023,12217,INE427F01016,
CHAMBLFERT,EQ,282.7,287.9,280.55,285.5,285,282.45,4390449,1251146220.85,06-SEP-2023,32917,INE085A01013,
CHEMBOND,EQ,405,416.4,393.25,394.35,394.15,405.65,35182,14157360.2,06-SEP-2023,3706,INE995D01025,
CHEMCON,EQ,295.1,304,293.4,300.85,300.8,295.1,258593,77677666.4,06-SEP-2023,11522,INE03YM01018,
CHEMFAB,EQ,363,370.65,363,366.7,366,370.9,25252,9270130.45,06-SEP-2023,2812,INE783X01023,
CHEMPLASTS,EQ,528.95,534.15,511.75,516.7,516.9,527.35,161835,84375099.55,06-SEP-2023,9586,INE488A01050,
CHENNPETRO,EQ,437,438,427.1,434.1,433.4,434.1,893387,386896816.95,06-SEP-2023,13835,INE178A01016,
CHEVIOT,EQ,1218,1238.95,1202.75,1227.75,1223.55,1194.1,4346,5293922.25,06-SEP-2023,1072,INE974B01016,
CHOICEIN,EQ,393.5,406,393.5,404.85,404,389.6,1536904,617032078.8,06-SEP-2023,16053,INE102B01014,
CHOLAFIN,EQ,1096.75,1117,1091.2,1104.85,1103,1096.75,2224003,2455735880.95,06-SEP-2023,53243,INE121A01024,
CHOLAFIN,N2,1018.4,1018.4,1018.4,1018.4,1018.4,1014.1,18,18331.2,06-SEP-2023,1,INE121A07QW3,
CHOLAFIN,N4,1014,1014,1014,1014,1014,1018,500,507000,06-SEP-2023,1,INE121A07QY9,
CHOLAFIN,N6,1000,1000,994.81,994.81,994.81,997,550,547419.3,06-SEP-2023,7,INE121A07RH2,
CHOLAFIN,N8,1000,1000,1000,1000,1000,1003,200,200000,06-SEP-2023,1,INE121A07RF6,
CHOLAFIN,NA,1004,1006.4,1004,1006.4,1006.4,1005.85,4005,4021032,06-SEP-2023,4,INE121A07RE9,
CHOLAHLDNG,EQ,999,1028,976.3,1024.25,1025,995.4,344537,349520454.85,06-SEP-2023,7930,INE149A01033,
CIEINDIA,EQ,511.85,515.65,502.3,507.7,507.5,510.75,585476,296753491,06-SEP-2023,22246,INE536H01010,
CIGNITITEC,EQ,832,843.4,825.05,830.95,830,830.55,90990,75814878.25,06-SEP-2023,4366,INE675C01017,
CINELINE,BE,117.9,120.35,114,119.65,120,114.65,145149,17179060.6,06-SEP-2023,527,INE704H01022,
CINEVISTA,EQ,13.85,14.7,13.85,14.3,14.4,14,83164,1192275.55,06-SEP-2023,468,INE039B01026,
CIPLA,EQ,1246.15,1267,1242.6,1256.75,1256,1238.95,2721714,3419989336,06-SEP-2023,78983,INE059A01026,
CLEAN,EQ,1465,1492,1462,1466.65,1474.45,1460,183569,271001164.6,06-SEP-2023,15796,INE227W01023,
CLEDUCATE,BO,79.7,79.7,79.7,79.7,79.7,78.45,25000,1992500,06-SEP-2023,17,INE201M01029,
CLEDUCATE,EQ,78,79.6,77.75,79.1,79,78.45,141496,11131897.35,06-SEP-2023,1334,INE201M01029,
CLOUD,SM,152.55,152.55,146.6,151.15,151.65,150.4,267000,39925150,06-SEP-2023,244,INE0JOO01021,
CLSEL,EQ,204.2,215,202,211.9,212.9,202.65,480837,100896006.3,06-SEP-2023,13814,INE419D01026,
CLSL,ST,50.7,50.7,48.6,49.2,49,50.7,118000,5813700,06-SEP-2023,59,INE00NH01017,
CMMIPL,ST,4.8,4.8,4.8,4.8,4.8,5.05,9000,43200,06-SEP-2023,3,INE289S01013,
CMNL,SM,74.9,78.75,73.15,77.45,78.75,73.85,144000,10912200,06-SEP-2023,47,INE06PV01010,
CMRSL,SM,132.55,134,132.55,134,134,134,2400,320440,06-SEP-2023,2,INE075Z01011,
CMSINFO,EQ,360.6,371,359,367.3,366.8,359.9,1680079,615525696.15,06-SEP-2023,36626,INE925R01014,
COALINDIA,EQ,255.95,257.8,252.55,255.8,255.25,255.35,13346191,3403780083.65,06-SEP-2023,124732,INE522F01014,
COASTCORP,EQ,274.75,276.25,271.15,275.3,276,275.65,13585,3728288.75,06-SEP-2023,761,INE377E01016,
COCHINSHIP,EQ,952.55,958,927.6,955.15,952,953.3,2795455,2641180832.85,06-SEP-2023,56798,INE704P01017,
COFFEEDAY,EQ,52.95,53.5,51.25,52.75,52.7,52.8,3646525,190639257.15,06-SEP-2023,10072,INE335K01011,
COFORGE,EQ,5634,5762.7,5576.15,5625.6,5600,5611.5,1124517,6381377125.35,06-SEP-2023,82884,INE591G01017,
COLPAL,EQ,1997,2031.55,1994,2018.9,2023,1988.95,837776,1691335756.1,06-SEP-2023,37986,INE259A01022,
COMPINFO,EQ,13.15,13.25,12.9,13.05,13.05,13.05,388176,5082867.9,06-SEP-2023,1048,INE070C01037,
COMPUSOFT,EQ,22.5,22.9,21.85,22.25,22.4,22.5,223743,4960745.65,06-SEP-2023,1441,INE453B01029,
CONCOR,EQ,686.25,705,681,698.5,698.25,686.25,1019097,708896157.2,06-SEP-2023,27869,INE111A01025,
CONCORDBIO,EQ,985,1075,985,1006.55,1005,989.35,854857,880305960.25,06-SEP-2023,36049,INE338H01029,
CONFIPET,EQ,92.8,93.3,90,91.1,91.4,92.45,2405478,219957308.15,06-SEP-2023,10198,INE552D01024,
CONSOFINVT,BE,143.5,143.5,138,140.3,140.3,140.7,5883,831951,06-SEP-2023,120,INE025A01027,
CONSUMBEES,EQ,92.49,92.75,91.84,92.44,92.75,91.98,47155,4349161.46,06-SEP-2023,471,INF204KA1LD7,
CONTI,SM,31.65,32.7,31.65,32.7,32.7,33.3,13332,428957.1,06-SEP-2023,4,INE340Z01019,
CONTROLPR,EQ,800,803,777.25,780,778.45,794.35,47652,37455500.8,06-SEP-2023,9084,INE663B01015,
COOLCAPS,SM,572.95,572.95,572.95,572.95,572.95,574.9,250,143237.5,06-SEP-2023,1,INE0HS001010,
CORALFINAC,EQ,41.5,43.5,41.25,42.1,42.5,41.3,170541,7209465.1,06-SEP-2023,1400,INE558D01021,
CORDSCABLE,BE,93.15,94.4,92.5,93.8,94,93.1,27184,2532270.05,06-SEP-2023,236,INE792I01017,
COROMANDEL,EQ,1135,1141,1120,1138.35,1139.1,1133.3,333226,377039742.7,06-SEP-2023,25206,INE169A01031,
COSMOFIRST,EQ,727.95,733.95,701.6,707.5,709.3,726.55,132322,94514047.95,06-SEP-2023,11264,INE757A01017,
COUNCODOS,EQ,4.05,4.15,4,4.1,4.1,4.05,65097,265067.9,06-SEP-2023,107,INE695B01025,
CPSEETF,EQ,51.3,51.35,50.19,50.61,50.59,50.74,758797,38407903.27,06-SEP-2023,4050,INF457M01133,
CRAFTSMAN,EQ,4928.95,4974.9,4875,4899.15,4900,4891.3,14865,73165820.25,06-SEP-2023,5265,INE00LO01017,
CRAYONS,SM,160,164,159.9,162.1,161,161.1,78000,12623900,06-SEP-2023,37,INE0OFK01019,
CREATIVE,EQ,574.95,579,557.05,562.25,560.2,568.15,57614,32489067.9,06-SEP-2023,2428,INE985W01018,
CREATIVEYE,EQ,3.4,3.4,3.2,3.3,3.3,3.35,7213,24091.05,06-SEP-2023,20,INE230B01021,
CREDITACC,EQ,1450,1479.9,1449.8,1460.7,1460,1449.8,483373,707585038.45,06-SEP-2023,23285,INE741K01010,
CREDITACC,N1,1014,1014,1014,1014,1014,1014,34,34476,06-SEP-2023,1,INE741K07462,
CREST,EQ,236.25,245.5,236.25,241.2,241.8,239.45,19040,4569393.9,06-SEP-2023,1808,INE559D01011,
CRISIL,EQ,3875.8,3875.8,3828,3837.05,3833.1,3845.9,10300,39598624.9,06-SEP-2023,3339,INE007A01025,
CROMPTON,EQ,305.7,309.95,304.1,309.25,309.25,304,1969280,606836742.7,06-SEP-2023,35811,INE299U01018,
CROWN,BE,50.4,50.4,49.25,49.4,49.4,48.35,5303,263032.8,06-SEP-2023,33,INE491V01019,
CSBBANK,EQ,331.8,334.85,327.45,330.85,329,331.7,128931,42553488.15,06-SEP-2023,6114,INE679A01013,
CSLFINANCE,EQ,320,322.5,312.6,316.25,319.35,319.75,23328,7375656.85,06-SEP-2023,1931,INE718F01018,
CTE,BE,58.45,60,56.55,57.1,58.5,58.45,33520,1953944.65,06-SEP-2023,149,INE627H01017,
CUB,EQ,129.55,129.95,128.4,128.95,128.9,129.15,2772836,357794534.05,06-SEP-2023,28895,INE491A01021,
CUBEXTUB,BE,40.95,41.8,39.8,40.25,40.05,39.85,22777,926947.05,06-SEP-2023,112,INE144D01012,
CUMMINSIND,EQ,1724.95,1750.5,1722.1,1746.3,1750,1720.15,653379,1133532008.4,06-SEP-2023,45359,INE298A01020,
CUPID,EQ,375.1,391,372.05,379.1,380,370.6,304983,116255124.05,06-SEP-2023,12352,INE509F01011,
CYBERMEDIA,EQ,22.15,23.9,21.7,22.45,22.1,21.8,461358,10512331.7,06-SEP-2023,2463,INE278G01037,
CYBERTECH,BE,129.25,131,127,127.8,127,129.25,14238,1838023.7,06-SEP-2023,213,INE214A01019,
CYIENT,EQ,1894.05,1894.05,1832.65,1840.95,1841,1898.55,575500,1067978367.95,06-SEP-2023,47339,INE136B01020,
CYIENTDLM,EQ,722,778.9,695.7,710.8,703,718.4,1836279,1356408845.6,06-SEP-2023,68966,INE055S01018,
DAAWAT,EQ,169.95,179.4,169,176.1,176.8,169.15,4682592,825558051.75,06-SEP-2023,41060,INE818H01020,
DABUR,EQ,559.75,563,558.7,561.55,562,559.85,635877,356725811.1,06-SEP-2023,25133,INE016A01026,
DALBHARAT,EQ,2255.85,2335,2252.1,2308,2301.1,2266.5,677315,1557570346.1,06-SEP-2023,30937,INE00R701025,
DALMIASUG,EQ,405.25,437.35,405.25,428.05,428,405.15,909984,391090432.55,06-SEP-2023,26408,INE495A01022,
DAMODARIND,EQ,52,53.7,50.35,52.45,52.6,52.15,53416,2779932.3,06-SEP-2023,1142,INE497D01022,
DANGEE,EQ,12.75,12.85,12.3,12.7,12.65,12.5,222043,2821729.55,06-SEP-2023,402,INE688Y01022,
DATAMATICS,EQ,560,619.9,560,605.95,607.5,559.15,861183,512553163.5,06-SEP-2023,29917,INE365B01017,
DATAPATTNS,EQ,2394.95,2431.35,2242.05,2250.35,2243,2393.05,631087,1465395887.75,06-SEP-2023,53303,INE0IX101010,
DBCORP,EQ,224.75,225.2,216.25,217.8,217.7,223.4,150300,32879369.4,06-SEP-2023,5086,INE950I01011,
DBL,EQ,324.7,329.6,320.5,322.2,322,322.25,736304,238906715.95,06-SEP-2023,16214,INE917M01012,
DBOL,EQ,171.35,179.95,170.95,174.7,174.5,170.5,793222,139272352.75,06-SEP-2023,10642,INE0I3401014,
DBREALTY,EQ,146.6,153.9,146.6,150.7,151.05,145.6,2738767,415366866.15,06-SEP-2023,11731,INE879I01012,
DBSTOCKBRO,EQ,28.5,29.55,28,28.85,28.9,28.7,136120,3886228.35,06-SEP-2023,684,INE921B01025,
DCAL,EQ,158.8,169.4,158.8,167.2,167.5,157.8,2354394,391415381.05,06-SEP-2023,25012,INE385W01011,
DCBBANK,EQ,118.15,119.6,115.7,116.3,116.45,117.65,1279632,150072533.6,06-SEP-2023,8460,INE503A01015,
DCI,BE,150,153,150,150.55,152.6,150.95,2364,359170.65,06-SEP-2023,77,INE0A1101019,
DCM,EQ,79.25,79.6,74.65,75.6,74.9,78.95,121113,9291763.95,06-SEP-2023,2460,INE498A01018,
DCMFINSERV,BE,4.6,4.7,4.4,4.5,4.5,4.6,25072,113326.65,06-SEP-2023,41,INE891B01012,
DCMNVL,EQ,181.1,181.95,176.4,179.15,178.65,178.4,56406,10079845.75,06-SEP-2023,1743,INE08KP01019,
DCMSHRIRAM,EQ,984.65,991.55,965,981.3,986,981.75,169790,165553436.1,06-SEP-2023,15132,INE499A01024,
DCMSRIND,EQ,133.9,137,131.5,135.45,135.1,132.25,342126,46411792.9,06-SEP-2023,3890,INE843D01027,
DCW,EQ,56.5,56.5,53.1,53.8,53.9,56.2,4922861,268479750.15,06-SEP-2023,14528,INE500A01029,
DCXINDIA,EQ,341.8,346,334.4,340.4,341.5,339.5,581184,197396299.05,06-SEP-2023,15519,INE0KL801015,
DECCANCE,EQ,548.9,549.8,536,543.05,549,545.9,9201,4971244.6,06-SEP-2023,1018,INE583C01021,
DEEPAKFERT,EQ,620,633.9,612.55,632,632,618.75,1361988,855361245.25,06-SEP-2023,28888,INE501A01019,
DEEPAKNTR,EQ,2275.05,2312.9,2258.6,2291.95,2290,2280.9,421114,966311943.55,06-SEP-2023,29398,INE288B01029,
DEEPENR,BE,152,152,150,150,150,152,17396,2632708,06-SEP-2023,30,INE677H01012,
DEEPINDS,EQ,256.1,270.95,256,260.55,260.95,254.45,690445,182159052.4,06-SEP-2023,23478,INE0FHS01024,
DELHIVERY,EQ,440,443.8,428.35,434.7,433.45,440.05,1413049,620605917.7,06-SEP-2023,27039,INE148O01028,
DELPHIFX,EQ,392,392,380.05,382.95,386.9,386.75,715,275561.85,06-SEP-2023,131,INE726L01019,
DELTACORP,EQ,186.8,190,184,184.95,184.9,186.1,8069476,1508770644.4,06-SEP-2023,41523,INE124G01033,
DELTAMAGNT,EQ,115,115.9,110,111.75,113.65,113.95,103861,11605299.45,06-SEP-2023,2110,INE393A01011,
DEN,EQ,46.1,47.9,45.3,47.1,46.9,45.75,3171358,147176393.3,06-SEP-2023,8968,INE947J01015,
DENEERS,SM,270.5,270.5,270.5,270.5,270.5,270.7,1200,324600,06-SEP-2023,1,INE0JWV01011,
DENORA,EQ,1615.5,1799.9,1610,1774.35,1799.9,1616.1,50097,86325802.5,06-SEP-2023,7862,INE244A01016,
DENTALKART,SM,498,499,487,493,493,490.5,12000,5920350,06-SEP-2023,12,INE0N5801013,
DESTINY,SM,26.1,26.1,26.1,26.1,26.1,24.9,12000,313200,06-SEP-2023,2,INE0IGO01011,
DEVIT,BE,139,141,134.55,136.4,136.3,136.15,31685,4374337,06-SEP-2023,337,INE060X01026,
DEVYANI,EQ,217.4,217.4,210.6,212.15,212.5,215.55,2577953,548759412.75,06-SEP-2023,26002,INE872J01023,
DGCONTENT,EQ,19.65,19.7,19,19.35,19.5,19.7,5795,111853.7,06-SEP-2023,75,INE03JI01017,
DHAMPURSUG,EQ,270.1,290,270.1,286.3,285,268.25,2785869,792009863.5,06-SEP-2023,37865,INE041A01016,
DHANBANK,EQ,24.9,25.05,24,24.55,24.65,24.8,2305538,56605530.9,06-SEP-2023,3880,INE680A01011,
DHANI,BE,45.1,45.5,43.8,44.5,44.2,45.1,1024213,45478680.75,06-SEP-2023,4697,INE274G01010,
DHANILOANS,N6,989.95,994.95,989.9,989.9,989.9,986,50,49617.45,06-SEP-2023,4,INE614X07076,
DHANILOANS,N7,1030,1030,1030,1030,1030,1031,54,55620,06-SEP-2023,3,INE614X07084,
DHANILOANS,N8,1541.2,1550,1530.2,1530.2,1530.2,1540.2,865,1328669.4,06-SEP-2023,16,INE614X07092,
DHANILOANS,NG,1000,1000,1000,1000,1000,1000,40,40000,06-SEP-2023,1,INE614X07191,
DHANILOANS,NO,975,975,975,975,975,990,62,60450,06-SEP-2023,5,INE614X07274,
DHANILOANS,NS,1031.8,1031.8,1031.8,1031.8,1031.8,1031.2,160,165088,06-SEP-2023,1,INE614X07332,
DHANILOANS,NX,984.95,984.95,984.95,984.95,984.95,975,10,9849.5,06-SEP-2023,1,INE614X07381,
DHANILOANS,Y3,930,930,930,930,930,960,10,9300,06-SEP-2023,1,INE614X07449,
DHANILOANS,Y5,990,990,990,990,990,990,42,41580,06-SEP-2023,1,INE614X07456,
DHANUKA,EQ,793,793.95,780,790.05,787,783.3,41632,32773287.85,06-SEP-2023,5625,INE435G01025,
DHARMAJ,EQ,224,226.25,219.3,221.35,221.8,224.15,178634,39740302.2,06-SEP-2023,7358,INE00OQ01016,
DHRUV,EQ,56.9,57.8,55.5,55.95,55.75,56.7,43072,2434204.8,06-SEP-2023,1051,INE506Z01015,
DHUNINV,EQ,721.4,744,721.4,734.95,735,721.1,4800,3529369.9,06-SEP-2023,569,INE320L01011,
DIAMONDYD,EQ,922,938.2,870.15,920.55,929.5,907.55,70373,64223408.45,06-SEP-2023,5013,INE393P01035,
DICIND,EQ,454.3,482.45,454.3,466.65,472,470.7,2463,1155665.8,06-SEP-2023,365,INE303A01010,
DIGISPICE,BE,37.65,38.5,36.1,36.65,36.8,37.7,184351,6895522.6,06-SEP-2023,673,INE927C01020,
DIGJAMLMTD,BE,99.4,99.65,99.4,99.65,99.65,94.95,4955,493703.6,06-SEP-2023,83,INE731U01028,
DIL,BE,10.25,10.25,9.7,9.8,9.9,10.15,1162074,11569037.5,06-SEP-2023,1566,INE411Y01011,
DISHTV,EQ,21.75,22.35,20.85,21.35,21.2,21.3,120947536,2608414341,06-SEP-2023,53105,INE836F01026,
DIVGIITTS,EQ,954.75,967.9,947.7,965.3,967,947.55,47024,45236615.2,06-SEP-2023,6355,INE753U01022,
DIVISLAB,EQ,3642.3,3714.9,3632.3,3707.95,3706.65,3642.3,407338,1504142409.95,06-SEP-2023,39513,INE361B01024,
DIVOPPBEES,EQ,59,59,56.52,57.33,57.34,57.29,19257,1101557.68,06-SEP-2023,686,INF204KA1MS3,
DIXON,EQ,5130,5146.95,4960,4998.15,4978,5127.55,335311,1689183264.05,06-SEP-2023,35484,INE935N01020,
DJML,EQ,153.6,156.15,153.15,154.4,154.7,154.25,2023,312722.9,06-SEP-2023,111,INE0B1K01014,
DKEGL,SM,82.15,85,82.15,83.55,85,85.35,12000,994350,06-SEP-2023,4,INE0GN101014,
DLF,EQ,520.2,522.5,513.8,519,519,521.3,2130114,1104640745.2,06-SEP-2023,32816,INE271C01023,
DLINKINDIA,EQ,352.65,354.05,344,346.2,345.5,352.65,218434,75997537.4,06-SEP-2023,6895,INE250K01012,
DMART,EQ,3777,3810.2,3760.5,3796.8,3790,3776.9,224923,852852432.15,06-SEP-2023,34873,INE192R01011,
DMCC,EQ,349.55,358,342.35,344.55,344.85,351.55,53828,18743594.4,06-SEP-2023,4286,INE505A01010,
DNAMEDIA,EQ,3,3,2.85,2.95,2.95,2.9,105642,311115.05,06-SEP-2023,182,INE016M01021,
DODLA,EQ,743.1,748.65,725,737.2,739.9,739.55,46562,34361900.5,06-SEP-2023,5453,INE021O01019,
DOLATALGO,EQ,51.5,53.5,50.5,51.5,51.75,50.8,801071,41728178.35,06-SEP-2023,5177,INE966A01022,
DOLLAR,EQ,437.5,455.75,435.05,444.6,444.95,437.7,376889,168596476,06-SEP-2023,17241,INE325C01035,
DOLLEX,SM,49,49,47.3,48.25,48.85,48.95,56000,2699200,06-SEP-2023,14,INE0JHH01011,
DOLPHIN,EQ,236,236,236,236,236,214.55,300,70800,06-SEP-2023,11,INE920A01029,
DONEAR,EQ,103.65,104.95,101.5,102.65,102.55,102.85,203192,20946353.7,06-SEP-2023,3112,INE668D01028,
DPABHUSHAN,EQ,571.6,571.6,533,566.45,567.9,544.4,67102,37300190.65,06-SEP-2023,2456,INE266Y01019,
DPSCLTD,EQ,15.2,15.35,14.65,14.75,14.75,15.1,542426,8147825.65,06-SEP-2023,1469,INE360C01024,
DPWIRES,EQ,685,685,662,667,671,679.4,42684,28646515.15,06-SEP-2023,4334,INE864X01013,
DRCSYSTEMS,EQ,40.5,45,40.3,42.85,42.3,41.1,161529,7070107.55,06-SEP-2023,2106,INE03RS01027,
DREAMFOLKS,EQ,503,528.45,502.4,513.95,514,501.95,3679960,1896481097.2,06-SEP-2023,36901,INE0JS101016,
DREDGECORP,EQ,541.7,542.7,521.1,527.85,526.95,539.2,209608,111015654.7,06-SEP-2023,5454,INE506A01018,
DRONE,SM,131.4,141.4,130.75,137.8,139,130.1,558000,76404200,06-SEP-2023,266,INE0P7201019,
DRREDDY,EQ,5579.8,5634.95,5559.25,5583.3,5576.6,5578.9,451329,2523117420.3,06-SEP-2023,45152,INE089A01023,
DSPBANKETF,EQ,45,45.2,44.1,44.79,44.85,44.9,2871,128184.33,06-SEP-2023,100,INF740KA1RX3,
DSPGOLDETF,EQ,61.75,61.75,58.6,58.9,58.9,59.05,1913,112620.8,06-SEP-2023,44,INF740KA1SW3,
DSPITETF,EQ,32.49,32.49,32.1,32.41,32.48,32.42,4495,145194.82,06-SEP-2023,55,INF740KA1SX1,
DSPN50ETF,EQ,199.31,200.09,199.01,199.5,200.08,199.89,2000,398984.33,06-SEP-2023,55,INF740KA1CL0,
DSPNEWETF,EQ,236.99,238.7,236.31,237.96,238.01,236.95,816,193658.71,06-SEP-2023,61,INF740KA1QK2,
DSPPSBKETF,EQ,46.61,46.68,46.06,46.39,46.39,46.82,1731,80209.67,06-SEP-2023,41,INF740KA1SY9,
DSPPVBKETF,EQ,23.3,24,23,23.69,23,23.32,860,20139.22,06-SEP-2023,82,INF740KA1TA7,
DSPQ50ETF,EQ,194.7,196.04,192.33,195.06,196.04,193.39,2374,462991.3,06-SEP-2023,118,INF740KA1QL0,
DSPSENXETF,EQ,65.68,66,65.68,65.81,65.82,65.65,3794,249686.01,06-SEP-2023,27,INF740KA1SZ6,
DSPSILVETF,EQ,71.43,71.59,71.1,71.28,71.1,71.43,7688,548335.98,06-SEP-2023,60,INF740KA1RE3,
DSSL,EQ,723.8,730,704,716.3,718,717.6,29371,20981440.3,06-SEP-2023,2376,INE417B01040,
DTIL,EQ,220.2,230.45,217.95,225.95,223,220.1,43881,9941691.35,06-SEP-2023,1695,INE341R01014,
DUCOL,SM,184,184,176,177,177,179.55,20800,3716000,06-SEP-2023,12,INE0LZO01015,
DUCON,BE,6.75,6.75,6.75,6.75,6.75,6.45,28197,190329.75,06-SEP-2023,56,INE741L01018,
DUGLOBAL,SM,57.1,57.1,57.1,57.1,57.1,59.95,2500,142750,06-SEP-2023,1,INE0HPK01020,
DVL,EQ,273.85,274.95,264.05,266.45,267.2,271.2,62160,16726335.7,06-SEP-2023,3768,INE477B01010,
DWARKESH,EQ,93.9,99.3,93.9,98.5,98.5,92.9,10312601,1001358605.4,06-SEP-2023,39124,INE366A01041,
DYCL,BE,471.8,471.8,453.2,463.3,462.6,465.7,20899,9652087.8,06-SEP-2023,1212,INE600Y01019,
DYNAMATECH,EQ,3911.85,3954.95,3895,3916,3910,3911.85,7448,29175096.7,06-SEP-2023,1332,INE221B01012,
DYNAMIC,SM,107.9,108,101,102.2,101.6,105.6,144000,14814100,06-SEP-2023,64,INE0DZ701010,
DYNPRO,EQ,397,397.4,385,388.25,388.1,392.6,22517,8777808.4,06-SEP-2023,2048,INE256H01015,
E2E,BE,416.85,416.85,400.55,400.55,400.55,408.7,21531,8888747.05,06-SEP-2023,317,INE255Z01019,
EASEMYTRIP,EQ,39.9,40.5,37.2,39.5,39,39.85,19844618,788699668.9,06-SEP-2023,23909,INE07O001026,
EASTSILK,BE,1.8,1.9,1.8,1.9,1.9,1.85,134361,247643.75,06-SEP-2023,74,INE962C01027,
EBBETF0425,EQ,1152,1152.49,1150.81,1152.47,1152.49,1150.46,9810,11301014.01,06-SEP-2023,978,INF754K01LD3,
EBBETF0430,EQ,1286.17,1298.4,1286.17,1296.68,1296,1294.7,2500,3240880.64,06-SEP-2023,286,INF754K01KO2,
EBBETF0431,EQ,1155,1157.94,1154.4,1154.5,1154.5,1155.76,4700,5428818.29,06-SEP-2023,69,INF754K01LE1,
EBBETF0433,EQ,1053.22,1057,1053.22,1055.75,1057,1053.21,8018,8464976.8,06-SEP-2023,48,INF754K01QX0,
ECLERX,EQ,1712,1724.95,1654.55,1674.1,1675,1692.6,52012,87752664.5,06-SEP-2023,8843,INE738I01010,
ECLFINANCE,NJ,984.8,984.8,978.22,978.22,978.22,978,548,536741.79,06-SEP-2023,8,INE804I078Y8,
ECLFINANCE,NK,966,970,966,970,970,957.1,353,341531,06-SEP-2023,5,INE804I079Y6,
ECLFINANCE,NO,990,994,986,991.5,991.5,991.14,561,555360.4,06-SEP-2023,21,INE804I077Z7,
ECLFINANCE,NP,1063.89,1063.89,1060,1060,1060,1060,16,16983.34,06-SEP-2023,3,INE804I078Z5,
ECLFINANCE,NQ,1554,1554,1554,1554,1554,1554,75,116550,06-SEP-2023,1,INE804I079Z3,
ECLFINANCE,NR,1000.57,1002,999.9,999.97,999.9,1000.57,387,387041.3,06-SEP-2023,19,INE804IA7014,
ECLFINANCE,NS,1032,1032,1032,1032,1032,1037,2,2064,06-SEP-2023,2,INE804IA7022,
EDELWEISS,EQ,56.45,58.4,55.7,56.45,56.25,55.95,5140114,292522591.1,06-SEP-2023,26603,INE532F01054,
EDUCOMP,BZ,1.85,1.9,1.85,1.9,1.9,1.85,17943,33776.7,06-SEP-2023,38,INE216H01027,
EICHERMOT,EQ,3415,3417.1,3375,3391.3,3390,3403.45,431090,1463199221.8,06-SEP-2023,32794,INE066A01021,
EIDPARRY,EQ,485.95,524.95,485.95,522.25,523.3,483.55,5103236,2623586907.55,06-SEP-2023,90525,INE126A01031,
EIFFL,EQ,140.1,144.65,140.1,142.6,141.55,142.45,34876,4968992.1,06-SEP-2023,708,INE546V01010,
EIHAHOTELS,EQ,484.9,492,481.15,488.1,489,479.4,39794,19394588.65,06-SEP-2023,3830,INE276C01014,
EIHOTEL,EQ,250.35,258.6,249.8,255.6,254.85,249.65,1666133,426361916.95,06-SEP-2023,23827,INE230A01023,
EIMCOELECO,BE,879,879,850,860.8,852.2,878.35,1661,1426919.95,06-SEP-2023,74,INE158B01016,
EKC,EQ,118,118.65,115,116.15,116.25,117.5,354854,41332440,06-SEP-2023,4902,INE184H01027,
ELDEHSG,EQ,727.35,728.45,708.55,709.75,709.5,713.15,2934,2088762.85,06-SEP-2023,353,INE668G01021,
ELECON,EQ,953.5,960.5,887.65,902.8,900,946,554454,508894828.15,06-SEP-2023,28827,INE205B01023,
ELECTCAST,EQ,70.45,73.7,69.7,70.4,70.25,70.3,6171777,440638663.85,06-SEP-2023,17783,INE086A01029,
ELECTHERM,BE,146.45,146.45,146.45,146.45,146.45,143.6,15843,2320207.35,06-SEP-2023,67,INE822G01016,
ELGIEQUIP,EQ,484,493.55,484,487,485.8,488.55,128948,62952973,06-SEP-2023,8242,INE285A01027,
ELGIRUBCO,EQ,50.8,50.8,48.5,49.25,48.9,49.55,61342,3028151.5,06-SEP-2023,943,INE819L01012,
ELIN,EQ,178.2,179.95,170.05,171.55,172.2,178.1,435098,75956904.3,06-SEP-2023,9109,INE050401020,
EMAMILTD,EQ,526.8,531,522,528.35,530,521.45,381861,200605033.6,06-SEP-2023,15270,INE548C01032,
EMAMIPAP,EQ,135.55,148.45,133.7,145.7,146.4,133.55,422610,60287819.8,06-SEP-2023,8354,INE830C01026,
EMAMIREAL,EQ,80.9,83.5,80.9,81.6,81.5,79.55,99934,8222596.05,06-SEP-2023,1384,INE778K01012,
EMBASSY,RR,309,312,307.16,307.63,307.8,309.23,105476,32556005.46,06-SEP-2023,2794,INE041025011,
EMIL,BE,139.5,141,134.15,138.45,138.95,139.95,245294,33940495.8,06-SEP-2023,2452,INE02YR01019,
EMKAY,EQ,91.35,93.7,90.35,91.5,91.1,91.4,34315,3159081.75,06-SEP-2023,886,INE296H01011,
EMKAYTOOLS,SM,415,438,403.6,403.7,404,424.85,15000,6099120,06-SEP-2023,20,INE332S01011,
EMMBI,EQ,91.25,93.35,89.05,92.35,93.15,91.25,225248,20699332.75,06-SEP-2023,2321,INE753K01015,
EMUDHRA,EQ,494.45,528.9,469.3,473.75,479,494.45,1003995,493131095.85,06-SEP-2023,19562,INE01QM01018,
ENDURANCE,EQ,1645,1654.7,1632,1639.1,1632,1640.2,31476,51603341.35,06-SEP-2023,3274,INE913H01037,
ENERGYDEV,EQ,21.75,21.9,20.6,21.15,20.95,21.1,352082,7525647.55,06-SEP-2023,1554,INE306C01019,
ENGINERSIN,EQ,163.15,163.15,156.3,158.35,158.5,162.3,4042280,641028833.15,06-SEP-2023,37225,INE510A01028,
ENIL,EQ,162.85,162.9,156.6,159.35,159,161.3,44702,7107990.55,06-SEP-2023,1180,INE265F01028,
EPL,EQ,211.7,211.7,207.4,209.15,207.95,210.05,782371,163360378.65,06-SEP-2023,15468,INE255A01020,
EQUITASBNK,EQ,86.7,86.9,84.35,84.7,84.75,85.9,4698841,399799498.75,06-SEP-2023,26442,INE063P01018,
ERFLNCDI,N5,913.8,914,913.8,914,914,913.8,10,9139,06-SEP-2023,2,INE528S07110,
ERIS,EQ,820,833.7,815,828.7,831,814.1,57397,47407865.3,06-SEP-2023,10116,INE406M01024,
EROSMEDIA,EQ,19.05,19.7,18.85,19.6,19.65,18.9,1405003,27181191.55,06-SEP-2023,3089,INE416L01017,
ESABINDIA,EQ,5230,5289.9,5058.55,5114.5,5135,5233.5,11778,60522656.7,06-SEP-2023,3615,INE284A01012,
ESCORTS,EQ,3073,3156.5,3056.75,3152.3,3151,3062.2,545207,1698347052.7,06-SEP-2023,33462,INE042A01014,
ESFL,SM,159.95,159.95,149.75,152.45,152.3,157.6,156000,24118980,06-SEP-2023,129,INE0ITO01014,
ESG,EQ,32.09,32.14,31.91,32.09,32.09,32.04,5367,171913.77,06-SEP-2023,78,INF769K01GS9,
ESSARSHPNG,BE,13.25,13.25,13.25,13.25,13.25,13.5,86448,1145436,06-SEP-2023,186,INE122M01019,
ESSENTIA,BE,6,6,5.8,6,6,5.9,301873,1791729.55,06-SEP-2023,318,INE418N01035,
ESTER,EQ,95.6,97.8,93.85,94.05,94,95.5,238242,22705821.05,06-SEP-2023,3549,INE778B01029,
ETHOSLTD,EQ,1650,1665,1616.05,1639.15,1644.85,1644.35,32091,52514968.25,06-SEP-2023,4747,INE04TZ01018,
EUROBOND,SM,148,148,146.3,147,147,148.1,10000,1473900,06-SEP-2023,10,INE505V01016,
EUROTEXIND,BE,11.95,11.95,11.85,11.9,11.9,11.4,4431,52727,06-SEP-2023,23,INE022C01012,
EVEREADY,EQ,416.85,418,408.6,413.05,416,415.05,138092,57151165.5,06-SEP-2023,11091,INE128A01029,
EVERESTIND,EQ,1185.2,1230,1180.5,1211.65,1215,1192.85,29528,35892413.3,06-SEP-2023,4182,INE295A01018,
EXCEL,BE,0.4,0.4,0.35,0.35,0.4,0.4,2744273,1060278.7,06-SEP-2023,1391,INE688J01023,
EXCELINDUS,EQ,958.55,975,950.2,971.1,972,949.05,15856,15293240.9,06-SEP-2023,2213,INE369A01029,
EXIDEIND,EQ,273,274.15,269.15,272.95,273.2,272.05,1938691,527256103,06-SEP-2023,23352,INE302A01020,
EXPLEOSOL,EQ,1430,1434,1401,1414.95,1424,1418.35,22828,32316183.65,06-SEP-2023,3547,INE201K01015,
EXXARO,EQ,145.5,146.9,143.25,143.95,143.55,145.15,237114,34357776.1,06-SEP-2023,3168,INE0GFE01018,
FACT,EQ,461.95,551.75,461.2,546.25,551.75,459.8,13406011,6906521185.3,06-SEP-2023,205499,INE188A01015,
FAIRCHEMOR,EQ,1126.6,1239.95,1115,1178.5,1174,1126.6,73900,87170031.05,06-SEP-2023,13175,INE0DNW01011,
FAZE3Q,EQ,411.55,414.95,399,400.6,399.45,405.5,39768,16026305.65,06-SEP-2023,2726,INE963C01033,
FCL,EQ,339.05,349.9,335.5,344.85,343.4,336.35,995117,341184239.5,06-SEP-2023,21609,INE045J01026,
FCONSUMER,BE,0.9,0.9,0.85,0.85,0.85,0.9,7870679,6943027.6,06-SEP-2023,1725,INE220J01025,
FCSSOFT,EQ,2.45,2.5,2.4,2.45,2.4,2.45,6243312,15291592.7,06-SEP-2023,3789,INE512B01022,
FDC,EQ,381.45,390,378.9,385.4,384.4,381.05,161780,62088971.3,06-SEP-2023,7457,INE258B01022,
FEDERALBNK,EQ,144,145.5,142.85,143.8,143.9,144.7,17346713,2498364883.35,06-SEP-2023,98893,INE171A01029,
FEL,BZ,1,1,0.95,1,1,0.95,883678,874506.2,06-SEP-2023,523,INE623B01027,
FELDVR,BE,5.45,5.5,5.45,5.5,5.5,5.25,2788,15324,06-SEP-2023,24,IN9623B01058,
FELIX,SM,126,135.9,125.9,135.9,135.9,132.5,8000,1046700,06-SEP-2023,7,INE901X01013,
FIBERWEB,EQ,30.7,31.1,30,30.15,30.5,30.75,165410,5052670.05,06-SEP-2023,734,INE296C01020,
FIDEL,SM,104,119.15,104,119.15,119.15,99.3,204000,22998900,06-SEP-2023,65,INE0LQQ01019,
FIEMIND,EQ,1990,2038,1977.65,1995.75,1999,1980.35,110680,221866536.3,06-SEP-2023,12357,INE737H01014,
FILATEX,EQ,49.55,49.75,47.7,49.05,49.2,49.35,604137,29403384.55,06-SEP-2023,2853,INE816B01035,
FINCABLES,EQ,1136.95,1152.65,1120,1124.7,1123.6,1136.95,602348,682575455.55,06-SEP-2023,24588,INE235A01022,
FINEORG,EQ,4900.75,4959.95,4878.65,4939.35,4926.2,4893.85,30561,150578574.35,06-SEP-2023,6958,INE686Y01026,
FINOPB,EQ,349.9,354.95,345,350.35,351.25,344.85,126326,44283998.45,06-SEP-2023,6546,INE02NC01014,
FINPIPE,EQ,248.5,252.9,245.5,250,250,247.25,1233054,307727201.25,06-SEP-2023,14225,INE183A01024,
FIVESTAR,EQ,727.9,730,692.7,704.25,708.85,722.7,720112,512758987.5,06-SEP-2023,32546,INE128S01021,
FLEXITUFF,BE,37.3,38.45,36.65,38.45,38.45,36.65,20631,784304.85,06-SEP-2023,93,INE060J01017,
FLFL,BZ,4.25,4.55,4.25,4.55,4.55,4.35,106454,477636.4,06-SEP-2023,241,INE452O01016,
FLUOROCHEM,EQ,3061,3063,2974.95,3002.45,3010,3033.45,102712,308274618.1,06-SEP-2023,9961,INE09N301011,
FMGOETZE,EQ,419.5,428,413.2,425.35,424,413.8,1144677,483504060.3,06-SEP-2023,19646,INE529A01010,
FMNL,EQ,6.85,6.9,6.35,6.7,6.7,6.85,449762,2938749.6,06-SEP-2023,752,INE360L01017,
FOCE,SM,859.95,859.95,858.95,859.05,859,860,1800,1546340,06-SEP-2023,4,INE0I7D01019,
FOCUS,EQ,799.95,799.95,779.55,792.85,790,796.1,18002,14185097.95,06-SEP-2023,1264,INE593W01010,
FOODSIN,EQ,179.4,182.9,175.85,176.95,178.05,178.9,153774,27425950.95,06-SEP-2023,3633,INE976E01023,
FORCEMOT,EQ,3448,3513,3395,3457,3455.05,3456.3,32092,111680267.4,06-SEP-2023,4696,INE451A01017,
FORTIS,EQ,334.5,338,332.85,334.75,335.15,334.85,409909,137459518.45,06-SEP-2023,16096,INE061F01013,
FOSECOIND,EQ,3540,3589,3534.95,3551.8,3566,3527.05,2461,8760082.8,06-SEP-2023,885,INE519A01011,
FRETAIL,BZ,3.45,3.45,3.3,3.45,3.45,3.3,872449,2985115.8,06-SEP-2023,791,INE752P01024,
FROG,SM,267.45,268.5,260.05,263.95,265,261.85,22400,5935260,06-SEP-2023,50,INE385O01018,
FSC,BZ,11.65,11.65,11.1,11.65,11.65,11.1,8633,99859.65,06-SEP-2023,35,INE935Q01015,
FSL,EQ,169.1,170.4,166.1,168.05,167.9,168.15,1803004,302969823.8,06-SEP-2023,18264,INE684F01012,
FUSION,EQ,624.35,638,616.3,618.9,618,624.25,188361,118001895.75,06-SEP-2023,13922,INE139R01012,
GABRIEL,EQ,331.4,331.4,312.5,315.3,316,328.85,755684,241045827.05,06-SEP-2023,18415,INE524A01029,
GAEL,EQ,282,294.9,278,288.95,288,281.45,1499289,433378294.4,06-SEP-2023,30384,INE036B01030,
GAIL,EQ,123,125.9,123,124.6,124.6,123.4,20234630,2524139756.85,06-SEP-2023,68306,INE129A01019,
GALAXYSURF,EQ,2730.5,2750,2684.95,2735.75,2712.35,2720.5,28679,78256914.45,06-SEP-2023,6284,INE600K01018,
GALLANTT,EQ,97.4,98.4,95.1,95.75,96.25,97.4,237910,22981346.1,06-SEP-2023,2997,INE297H01019,
GANDHITUBE,EQ,748.9,757.15,740,749.2,749.9,739.95,17746,13268909.5,06-SEP-2023,2432,INE524B01027,
GANECOS,EQ,1094,1098.8,1060.1,1069.45,1069.1,1083.75,40562,43503822.55,06-SEP-2023,6560,INE845D01014,
GANESHBE,EQ,172,173.75,168.05,168.7,168.05,173,313361,53241885.3,06-SEP-2023,3984,INE388A01029,
GANESHHOUC,EQ,427.05,437.9,424.8,429.95,429.55,429,64501,27812449.4,06-SEP-2023,4405,INE460C01014,
GANGAFORGE,BE,7.05,7.05,7,7,7,7.15,26924,188990.8,06-SEP-2023,95,INE691Z01023,
GANGESSECU,EQ,121.15,125.2,121,121.35,122,121.15,10203,1256001.05,06-SEP-2023,475,INE335W01016,
GARFIBRES,EQ,3226.5,3256.8,3206.85,3228.95,3230,3226.5,21775,70332930.2,06-SEP-2023,2654,INE276A01018,
GATECHDVR,BE,10.05,10.05,10.05,10.05,10.05,10.25,1324,13306.2,06-SEP-2023,11,INE224E01036,
GATEWAY,EQ,88.75,88.95,86.4,87.7,87.8,88.55,529069,46380693.2,06-SEP-2023,6423,INE079J01017,
GATI,EQ,151,154.9,148.95,153.4,153.05,149.8,733357,111484987.85,06-SEP-2023,7359,INE152B01027,
GAYAHWS,BE,0.75,0.75,0.7,0.75,0.75,0.75,98626,73629.2,06-SEP-2023,94,INE287Z01012,
GAYAPROJ,BE,5.65,6.1,5.65,6,6,5.85,450656,2701486.95,06-SEP-2023,340,INE336H01023,
GEECEE,EQ,182.5,189.7,182.5,185.55,185.5,181.9,42860,7987112.3,06-SEP-2023,1487,INE916G01016,
GEEKAYWIRE,BE,332.5,332.5,332.5,332.5,332.5,339.25,4181,1390182.5,06-SEP-2023,100,INE669X01016,
GENCON,BE,46.5,46.5,46.3,46.3,46.3,46.7,2554,118646.4,06-SEP-2023,26,INE854S01022,
GENESYS,EQ,355.75,362,346.15,359.95,361,353.45,104620,37191041.1,06-SEP-2023,7441,INE727B01026,
GENSOL,EQ,2121.65,2121.65,1975.25,2021.9,1997,2020.65,141431,296419516.1,06-SEP-2023,6419,INE06H201014,
GENUSPAPER,EQ,19.2,21.35,19.1,20.8,20.9,19.05,6275041,126769634.7,06-SEP-2023,8887,INE949P01018,
GENUSPOWER,EQ,279.9,279.9,266.7,270.45,270,275.15,778559,211307727.8,06-SEP-2023,10782,INE955D01029,
GEOJITFSL,EQ,56.35,56.65,55.2,55.85,56.2,55.95,431691,24186056.55,06-SEP-2023,3084,INE007B01023,
GEPIL,EQ,178.65,184.5,176,181.6,181.5,178.25,842809,151372662.1,06-SEP-2023,9068,INE878A01011,
GESHIP,EQ,770,774.85,763.55,771.55,770.4,769.55,309959,238776033.4,06-SEP-2023,13255,INE017A01032,
GET&D,EQ,331,333,315,324.25,325,325,97260,31452061.3,06-SEP-2023,3003,INE200A01026,
GFLLIMITED,EQ,86.4,92.85,84.6,91.1,91.45,85.95,462789,41412119.4,06-SEP-2023,3284,INE538A01037,
GHCL,EQ,612.75,620,610,614.85,612.5,612.5,343543,211387787.5,06-SEP-2023,14739,INE539A01019,
GHCLTEXTIL,EQ,80.2,81.45,79.6,80.05,79.8,80.2,275474,22207245.55,06-SEP-2023,4259,INE0PA801013,
GICHSGFIN,EQ,187.45,188.3,185.05,186.95,186.55,186.6,168099,31341463.95,06-SEP-2023,3126,INE289B01019,
GICL,SM,42.1,42.1,42.1,42.1,42.1,43.5,6000,252600,06-SEP-2023,1,INE947T01014,
GICRE,EQ,229,232.2,227,230.2,230.05,227.8,875881,201131686.05,06-SEP-2023,11323,INE481Y01014,
GILLANDERS,EQ,77.4,77.4,73.5,73.75,74.5,74.65,17591,1312894.35,06-SEP-2023,420,INE047B01011,
GILLETTE,EQ,5598.9,5925,5555,5875.7,5905,5528.55,97634,567014036.8,06-SEP-2023,19989,INE322A01010,
GILT5YBEES,EQ,52.84,52.89,52.84,52.85,52.87,52.86,725917,38382826.72,06-SEP-2023,1062,INF204KC1030,
GINNIFILA,BE,32.4,32.55,30.15,32.15,32,31,375095,12094982.05,06-SEP-2023,700,INE424C01010,
GIPCL,EQ,130.15,130.95,128.5,130.05,130,129.15,774135,100360000.75,06-SEP-2023,5514,INE162A01010,
GIRIRAJ,SM,915.05,915.05,915.05,915.05,915.05,871.5,600,549030,06-SEP-2023,1,INE614Z01017,
GISOLUTION,BE,11.45,11.6,11.3,11.4,11.45,11.45,474803,5436616.55,06-SEP-2023,831,INE065J01016,
GKWLIMITED,BE,1152,1152,1149,1149,1149,1160,202,232524,06-SEP-2023,9,INE528A01020,
GLAND,EQ,1715,1716.6,1676.65,1691.35,1692,1690.15,626792,1063890965.75,06-SEP-2023,29768,INE068V01023,
GLAXO,EQ,1463.9,1464.75,1443,1446.9,1445.35,1457.5,32865,47583069.45,06-SEP-2023,4925,INE159A01016,
GLENMARK,EQ,799,799.4,780,792.95,792.5,791.75,1115483,881203121.75,06-SEP-2023,33669,INE935A01035,
GLFL,EQ,3.85,3.85,3.8,3.85,3.85,3.7,24812,95513.7,06-SEP-2023,13,INE540A01017,
GLOBAL,BE,209.9,210.4,200,202.15,204,206.1,69638,14411749.05,06-SEP-2023,815,INE291W01029,
GLOBALPET,SM,90,90,84.65,84.8,85,87.5,93000,8039250,06-SEP-2023,30,INE0PS501019,
GLOBALVECT,BE,86.5,86.5,82.1,83.95,84,85.9,14673,1231684.55,06-SEP-2023,138,INE792H01019,
GLOBE,BE,2.95,2.95,2.9,2.95,2.95,2.9,304283,890622.3,06-SEP-2023,371,INE581X01021,
GLOBUSSPR,EQ,922.2,954.95,903.9,912.6,908,916.9,541825,502885442.7,06-SEP-2023,18974,INE615I01010,
GLS,EQ,631.75,641,625.3,629.3,629.9,631.75,218204,137813231.7,06-SEP-2023,7568,INE03Q201024,
GMBREW,EQ,633.15,649,618.05,645.35,642,623.8,210705,134659079.15,06-SEP-2023,11965,INE075D01018,
GMDCLTD,EQ,257.95,269.2,256,264.9,263.85,258.75,14234955,3748861507.6,06-SEP-2023,86942,INE131A01031,
GMMPFAUDLR,EQ,1708.4,1772.3,1700.6,1766.55,1769,1716.8,421816,738018175,06-SEP-2023,28312,INE541A01023,
GMRINFRA,EQ,64.1,64.1,62.2,62.85,62.95,63.9,7567262,476721094.35,06-SEP-2023,21263,INE776C01039,
GMRP&UI,EQ,39.4,39.4,33.8,34.55,34.85,37.5,22047690,796979923.2,06-SEP-2023,41142,INE0CU601026,
GNA,EQ,546.2,551,537,541.5,541,543.5,60783,32953480.9,06-SEP-2023,5826,INE934S01014,
GNFC,EQ,644.5,652,624.75,634.3,639.5,641,2248295,1439220200.6,06-SEP-2023,24305,INE113A01013,
GOACARBON,EQ,539.15,545.5,534.1,541,542.1,539.15,44156,23860243.5,06-SEP-2023,4909,INE426D01013,
GOCLCORP,EQ,444,444.8,435.35,440.95,441.4,439.75,45885,20208949.05,06-SEP-2023,4988,INE077F01035,
GOCOLORS,EQ,1385.5,1390,1368.1,1375.5,1374.15,1381,42155,57925073.95,06-SEP-2023,9521,INE0BJS01011,
GODFRYPHLP,EQ,2100.05,2145,2090.05,2100.7,2101,2098.75,64168,135565572.85,06-SEP-2023,8638,INE260B01028,
GODHA,BE,0.95,1,0.95,1,1,0.95,2282812,2254794.1,06-SEP-2023,913,INE925Y01036,
GODREJAGRO,EQ,492.5,494.7,488.3,490.1,490.35,491.4,101581,49826662.8,06-SEP-2023,4572,INE850D01014,
GODREJCP,EQ,1009.5,1014,1001.9,1011.9,1012.2,1009.1,599424,604186498.15,06-SEP-2023,25500,INE102D01028,
GODREJIND,EQ,545,549.8,538.15,544.55,545,542.3,303710,165594919.15,06-SEP-2023,14217,INE233A01035,
GODREJPROP,EQ,1658.95,1666.65,1616,1644.5,1645,1659.7,243813,402162279.85,06-SEP-2023,10481,INE484J01027,
GOENKA,BZ,1.1,1.1,1.1,1.1,1.1,1.05,128934,141827.4,06-SEP-2023,61,INE516K01024,
GOKEX,EQ,804,804.4,768,774.25,774,800.25,205386,160258381.85,06-SEP-2023,10005,INE887G01027,
GOKUL,EQ,31.95,37.8,31.7,37.5,37.35,31.5,3573866,130913672.95,06-SEP-2023,11894,INE020J01029,
GOKULAGRO,EQ,112,120,111.3,115.35,116.55,111.15,750773,86786834.85,06-SEP-2023,9406,INE314T01025,
GOLDBEES,EQ,50.32,50.41,50.2,50.31,50.4,50.35,1934818,97342181.28,06-SEP-2023,17579,INF204KB17I5,
GOLDENTOBC,BZ,56.4,56.4,54.95,55.65,55.85,53.8,5768,322337.7,06-SEP-2023,103,INE973A01010,
GOLDETF,EQ,61.95,61.95,58.9,59.3,59.3,59.25,5234,310643.5,06-SEP-2023,97,INF769K01JP9,
GOLDIAM,EQ,127.65,128.5,126.4,127.6,127.75,126.85,181401,23085322.95,06-SEP-2023,2370,INE025B01025,
GOLDSHARE,EQ,50.6,50.65,50.5,50.55,50.6,50.7,19737,998208.8,06-SEP-2023,378,INF789F1AUX7,
GOLDSTAR,SM,6.75,6.75,6.75,6.75,6.75,6.45,22500,151875,06-SEP-2023,1,INE405Y01021,
GOLDTECH,BE,87,89.9,87,87.85,88,88.2,13681,1205446,06-SEP-2023,142,INE805A01014,
GOODLUCK,EQ,590.4,595,577.2,590.4,586.55,588.85,92749,54449929.55,06-SEP-2023,6191,INE127I01024,
GOODYEAR,EQ,1364.95,1364.95,1340,1348.15,1347,1352.2,10895,14698627.05,06-SEP-2023,2368,INE533A01012,
GOYALALUM,BE,7.55,7.55,7.55,7.55,7.55,7.7,70417,531648.35,06-SEP-2023,303,INE705X01026,
GPIL,EQ,620,634,614.15,622.55,620,617.45,749455,467243709.35,06-SEP-2023,16102,INE177H01021,
GPPL,EQ,131.2,137.65,131.1,135.15,135,130.95,7361923,996113142.95,06-SEP-2023,42601,INE517F01014,
GPTINFRA,BE,85.15,85.15,85.15,85.15,85.15,83.5,11315,963472.25,06-SEP-2023,40,INE390G01014,
GRANULES,EQ,312.65,315,309.5,310.95,310.5,311.55,949875,296530637.9,06-SEP-2023,12722,INE101D01020,
GRAPHITE,EQ,480.95,480.95,468.2,472.8,472.9,478.05,615401,291132744.4,06-SEP-2023,15563,INE371A01025,
GRASIM,EQ,1855,1859,1817,1838.5,1838,1853.8,596020,1093751285.95,06-SEP-2023,32513,INE047A01021,
GRAUWEIL,EQ,137.45,139.75,134.1,134.9,135.5,136.5,319764,43669321.55,06-SEP-2023,4925,INE266D01021,
GRAVITA,EQ,791,794,777.8,783.35,780,787.85,100549,78911175.25,06-SEP-2023,8487,INE024L01027,
GREAVESCOT,EQ,149.1,152.95,146.95,149.2,149.5,149.05,2308067,345380604,06-SEP-2023,17517,INE224A01026,
GREEN-RE,BE,2.9,2.9,2.8,2.85,2.85,2.8,2174251,6186541.4,06-SEP-2023,2750,INE999K20014,
GREENCHEF,SM,147.9,153,135.05,139.4,139.6,143.1,260800,37303680,06-SEP-2023,161,INE0O7P01015,
GREENLAM,EQ,459.3,459.3,452.05,455.5,453,456.2,9277,4224991.45,06-SEP-2023,932,INE544R01021,
GREENPANEL,EQ,376.15,379,371.55,376.15,376,376.15,224527,84241023.85,06-SEP-2023,14885,INE08ZM01014,
GREENPLY,EQ,171.9,174.4,169,169.9,170,169.1,347707,59415494.8,06-SEP-2023,5658,INE461C01038,
GREENPOWER,BE,13.95,13.95,13.65,13.75,13.75,13.8,2526947,34868815.35,06-SEP-2023,8517,INE999K01014,
GRINDWELL,EQ,2222.55,2242.45,2190.15,2194.45,2191,2222.55,51918,114172114.15,06-SEP-2023,10194,INE536A01023,
GRINFRA,EQ,1283.05,1290,1277,1285.95,1285.8,1283.05,14179,18179496.45,06-SEP-2023,2688,INE201P01022,
GRMOVER,EQ,179.5,212.5,178.05,210.5,211.1,179.65,2148817,438326417.15,06-SEP-2023,26962,INE192H01020,
GROBTEA,EQ,921.95,953.9,887,908.6,887,921.7,1369,1263385.8,06-SEP-2023,292,INE646C01018,
GRPLTD,BE,4025,4025,3969.15,3969.15,3969.15,4050,405,1610710.55,06-SEP-2023,41,INE137I01015,
GRSE,EQ,830.2,832,813,821.1,818.9,830.2,615272,504880340,06-SEP-2023,20806,INE382Z01011,
GRWRHITECH,EQ,1334,1409.95,1329.6,1396.65,1399,1329.6,122459,169054225.8,06-SEP-2023,9178,INE291A01017,
GSFC,EQ,191.85,193.45,188.05,188.95,188.5,191.1,6144166,1167989522.65,06-SEP-2023,31726,INE026A01025,
GSLSU,EQ,172.95,177.55,168.7,170.65,170.5,169.45,609650,104743252.2,06-SEP-2023,12249,INE0JSX01015,
GSPL,EQ,280,291.4,278.25,280.05,280.3,277.45,3027037,853978988.8,06-SEP-2023,35284,INE246F01010,
GSS,EQ,205.9,212.3,204.55,207.75,206.4,204.5,132646,27678511.85,06-SEP-2023,3515,INE871H01011,
GSTL,SM,116.45,116.45,116.45,116.45,116.45,112,15000,1746750,06-SEP-2023,1,INE00WS01056,
GTL,EQ,8.35,8.8,8.3,8.4,8.5,8.3,1285589,10929694.55,06-SEP-2023,2052,INE043A01012,
GTLINFRA,EQ,0.75,0.8,0.7,0.75,0.75,0.7,75575191,56489881.4,06-SEP-2023,10418,INE221H01019,
GTPL,EQ,169,172,164.2,170.25,171.05,163.7,380607,63767199.3,06-SEP-2023,5150,INE869I01013,
GUFICBIO,EQ,316.5,316.5,306.95,310.75,312.5,314.6,115300,35936180.4,06-SEP-2023,4725,INE742B01025,
GUJALKALI,EQ,745.2,746.4,735.1,740.45,741,742.15,113386,83997982.65,06-SEP-2023,6508,INE186A01019,
GUJAPOLLO,BE,224,225,221,224.8,224.9,222.3,971,216176.5,06-SEP-2023,41,INE826C01016,
GUJGASLTD,EQ,459.4,469.2,459,462.15,462,456.55,2036896,945032259.35,06-SEP-2023,23136,INE844O01030,
GUJRAFFIA,BE,33,35,33,33.15,33.15,33.4,4923,168929.05,06-SEP-2023,59,INE610B01024,
GULFOILLUB,EQ,563.9,582.4,557.5,571.15,571.25,559.75,158823,90846537.75,06-SEP-2023,10618,INE635Q01029,
GULFPETRO,EQ,46.65,46.65,45.25,46,46.1,46,233825,10694262.65,06-SEP-2023,1237,INE586G01017,
GULPOLY,EQ,219.9,232,218,227.5,227.8,218.6,229067,51918847.35,06-SEP-2023,8774,INE255D01024,
GVKPIL,EQ,5.75,5.75,5.75,5.75,5.75,5.5,1095961,6301775.75,06-SEP-2023,589,INE251H01024,
GVPTECH,BE,17,17,17,17,17,17.35,97163,1651771,06-SEP-2023,39,INE382T01030,
HAL,EQ,3961.6,3998.7,3951.05,3989.45,3997.75,3952.85,607826,2417709901,06-SEP-2023,40736,INE066F01012,
HAPPSTMNDS,EQ,920.95,930.2,918,919.85,919,918,241731,222970652.5,06-SEP-2023,17056,INE419U01012,
HARDWYN,EQ,38.45,39.1,38.35,38.65,38.45,38.2,194956,7541813.25,06-SEP-2023,1060,INE626Z01029,
HARIOMPIPE,EQ,620,625,604.7,606.6,608,616.6,60057,36572466,06-SEP-2023,5644,INE00EV01017,
HARRMALAYA,EQ,145.85,150.5,144.6,148.35,148.3,145.2,80455,11925488.25,06-SEP-2023,2165,INE544A01019,
HARSHA,EQ,454.65,454.65,446.5,448.8,450,450.2,83731,37659774.55,06-SEP-2023,5671,INE0JUS01029,
HATHWAY,EQ,18.5,18.65,18.05,18.35,18.35,18.35,6989663,127738562.25,06-SEP-2023,7289,INE982F01036,
HATSUN,EQ,1206.75,1213.75,1177.45,1190.95,1200,1200.7,43758,52368094.75,06-SEP-2023,8217,INE473B01035,
HAVELLS,EQ,1360,1375,1348.2,1353,1351.65,1359.4,1007504,1369983409.4,06-SEP-2023,28496,INE176B01034,
HAVISHA,BE,1.65,1.7,1.65,1.7,1.7,1.65,81706,138439,06-SEP-2023,86,INE293B01029,
HBLPOWER,EQ,280,280,268.5,271.8,273.2,279.1,1615810,439829016.75,06-SEP-2023,27069,INE292B01021,
HBSL,EQ,58.3,59.5,56.2,57.2,57.9,56.8,11351,651383.8,06-SEP-2023,280,INE550B01022,
HCC,EQ,29.35,29.6,27.3,28.15,28.05,29.3,32590868,922315665.25,06-SEP-2023,31351,INE549A01026,
HCG,EQ,372.35,375.45,368,371.1,372.65,371.35,103434,38395389.65,06-SEP-2023,5421,INE075I01017,
HCL-INSYS,BE,18.7,19,18.4,18.65,18.7,18.7,274825,5120748.3,06-SEP-2023,996,INE236A01020,
HCLTECH,EQ,1239.85,1242.4,1222.7,1235.85,1236,1235.55,1767709,2179839681.75,06-SEP-2023,125649,INE860A01027,
HDFCAMC,EQ,2475,2483.3,2446,2457.1,2455,2471.6,176317,434000337.95,06-SEP-2023,11204,INE127D01025,
HDFCBANK,EQ,1576.8,1600,1574.9,1595.5,1599,1574.9,28160455,44730393184.3,06-SEP-2023,394705,INE040A01034,
HDFCBSE500,EQ,28.09,29.7,27.8,28.43,28.55,27.96,187487,5314394.9,06-SEP-2023,926,INF179KC1EZ4,
HDFCGOLD,EQ,51.98,51.98,51.75,51.89,51.91,51.92,448938,23286108.12,06-SEP-2023,1048,INF179KC1981,
HDFCGROWTH,EQ,99.22,99.99,98.91,99.14,99.5,99.23,6900,684163.44,06-SEP-2023,147,INF179KC1DJ0,
HDFCLIFE,EQ,643.5,651.2,639.3,647.55,648,640.95,2898323,1874680289.85,06-SEP-2023,104082,INE795G01014,
HDFCLIQUID,EQ,1000.01,1000.01,1000,1000,1000,1000.01,129,129001.26,06-SEP-2023,4,INF179KC1HE2,
HDFCLOWVOL,EQ,150.5,151.8,150.33,151.39,151.8,150.35,512,77415.82,06-SEP-2023,22,INF179KC1DN2,
HDFCMID150,EQ,151.52,152.09,150.95,151.5,151.5,151.38,31422,4764553.3,06-SEP-2023,167,INF179KC1FA4,
HDFCMOMENT,EQ,225.99,231,225.17,228.76,227.01,225.98,2792,629867.44,06-SEP-2023,47,INF179KC1DM4,
HDFCNEXT50,EQ,454.31,456.89,445.2,448.13,445.2,455.96,672,306202.26,06-SEP-2023,28,INF179KC1DA9,
HDFCNIF100,EQ,201.96,201.96,197.01,198,198,198,716,141727.64,06-SEP-2023,32,INF179KC1DB7,
HDFCNIFBAN,EQ,451.72,452.09,448.38,451.09,451.83,451.72,2493,1121925.5,06-SEP-2023,150,INF179KC1AN8,
HDFCNIFIT,EQ,326.84,327.49,323.28,326.97,327.4,327.37,3669,1195269.81,06-SEP-2023,94,INF179KC1DX1,
HDFCNIFTY,EQ,214.19,214.19,212.5,213.92,214.08,213.63,15714,3352041.25,06-SEP-2023,355,INF179KC1965,
HDFCPVTBAN,EQ,233,233,232,232.1,232.1,233.34,635,147598.46,06-SEP-2023,28,INF179KC1DW3,
HDFCQUAL,EQ,44.69,44.69,44.23,44.35,44.44,44.43,3791,168209.86,06-SEP-2023,48,INF179KC1DL6,
HDFCSENSEX,EQ,728,728,715.09,724.02,725.4,724.82,997,720453.95,06-SEP-2023,116,INF179KC1973,
HDFCSILVER,EQ,71.36,71.49,70.75,71.05,71.1,71.18,224014,15922576.57,06-SEP-2023,968,INF179KC1DI2,
HDFCSML250,EQ,123.49,123.6,121.09,122.81,123.2,122.6,138355,16979135.49,06-SEP-2023,1718,INF179KC1FB2,
HDFCVALUE,EQ,104.83,104.83,102.51,103.99,102.51,104.83,1488,154703.27,06-SEP-2023,63,INF179KC1DK8,
HEADSUP,EQ,12.4,12.55,11.85,12.35,12.35,12.3,85116,1037454.6,06-SEP-2023,696,INE759V01019,
HEALTHY,EQ,9.76,9.82,9.68,9.78,9.75,9.72,258797,2529856.43,06-SEP-2023,678,INF209KB10C2,
HECPROJECT,EQ,50.7,50.7,46.1,46.85,47.85,48.45,20982,1022813.2,06-SEP-2023,306,INE558R01013,
HEG,EQ,1760.95,1771.85,1740,1744.2,1745,1757.7,107192,187788636.8,06-SEP-2023,8433,INE545A01016,
HEIDELBERG,EQ,192.25,192.25,188.55,189.85,189.8,191.4,588640,111755403.05,06-SEP-2023,10675,INE578A01017,
HEMIPROP,EQ,121.45,124.9,120.25,122.65,122.75,120.45,2034605,250476674.8,06-SEP-2023,12053,INE0AJG01018,
HERANBA,EQ,376.95,389.7,376.9,382.1,381,376.8,126369,48427405.3,06-SEP-2023,8338,INE694N01015,
HERCULES,EQ,346.3,346.3,333.6,336.15,335.25,342.5,65152,22065515.4,06-SEP-2023,5544,INE688E01024,
HERITGFOOD,EQ,257.85,257.85,250.55,252.95,253,254.05,134564,34062718.9,06-SEP-2023,5484,INE978A01027,
HEROMOTOCO,EQ,2955,2955,2916.85,2938,2936.05,2935.35,275916,809763109.9,06-SEP-2023,29448,INE158A01026,
HESTERBIO,EQ,1801.3,1816.2,1750.1,1759.85,1785,1773.6,6282,11195704.6,06-SEP-2023,1436,INE782E01017,
HEUBACHIND,EQ,471.95,474.95,464.55,469.2,467.5,468.1,37861,17793994.1,06-SEP-2023,3922,INE492A01029,
HEXATRADEX,EQ,149.85,149.85,145.4,146.15,146.95,147.4,3658,536818.4,06-SEP-2023,236,INE750M01017,
HFCL,EQ,79.65,80.95,78.2,78.8,78.85,79.35,19672811,1562224579.65,06-SEP-2023,44762,INE548A01028,
HGINFRA,EQ,991.1,1019,968,974.95,975,986.15,338222,334672618.55,06-SEP-2023,20622,INE926X01010,
HGS,EQ,1044.75,1064.9,1015.55,1021.85,1024,1029.3,134667,140364820.1,06-SEP-2023,12528,INE170I01016,
HIKAL,EQ,314.3,317.05,310.4,311.9,313,308.3,579838,181845730.95,06-SEP-2023,11522,INE475B01022,
HIL,EQ,3002,3054.9,2980,3045.1,3039,2997.85,8770,26565855.9,06-SEP-2023,1950,INE557A01011,
HILTON,BE,139.5,142.9,136.1,141.75,142,139.6,36718,5146280.6,06-SEP-2023,263,INE788H01017,
HIMATSEIDE,EQ,148.9,150,147.2,149.15,148.65,148.45,465068,69234257.7,06-SEP-2023,7467,INE049A01027,
HINDALCO,EQ,484.9,484.9,474.25,478.15,478.1,486.1,5138246,2453504932.8,06-SEP-2023,79028,INE038A01020,
HINDCOMPOS,EQ,464.95,478,455.25,462.8,466,463.5,50780,23736225.9,06-SEP-2023,4064,INE310C01029,
HINDCON,BE,140.05,143.45,138.05,139.35,138.5,141.3,14487,2041894.8,06-SEP-2023,207,INE642Y01011,
HINDCOPPER,EQ,168.55,168.95,162.55,163.75,163.2,168.55,5858899,964307470.1,06-SEP-2023,27887,INE531E01026,
HINDMOTORS,EQ,14.9,17.4,14.85,16.8,16.85,14.8,6388087,105380552.9,06-SEP-2023,10032,INE253A01025,
HINDOILEXP,EQ,169,172.9,167.5,168.3,168.4,166.05,1790055,303755305.55,06-SEP-2023,15669,INE345A01011,
HINDPETRO,EQ,251.85,255,249.75,254.7,254.85,254.65,2817221,712229111.5,06-SEP-2023,24263,INE094A01015,
HINDUNILVR,EQ,2513.45,2526.1,2507.45,2523.5,2523,2507.05,1094146,2755448711.2,06-SEP-2023,81063,INE030A01027,
HINDWAREAP,EQ,598,598,583.4,586.8,586.15,596.65,65843,38753827.85,06-SEP-2023,5596,INE05AN01011,
HINDZINC,EQ,325,325,321,321.45,321.5,324,291816,93961135,06-SEP-2023,10352,INE267A01025,
HIRECT,BE,360,360,356.6,356.6,356.6,363.85,2282,814129.2,06-SEP-2023,35,INE835D01023,
HISARMETAL,BE,175.5,175.5,175.1,175.1,175.1,178.65,1839,322280.9,06-SEP-2023,32,INE598C01011,
HITECH,EQ,76.3,77,75.05,75.8,75.95,75.65,368945,27996941.3,06-SEP-2023,3069,INE106T01025,
HITECHCORP,BE,233,233,220,229.9,230,231,14396,3252458.45,06-SEP-2023,139,INE120D01012,
HITECHGEAR,EQ,401.7,408.15,397,399.8,397,405.1,6138,2471081.6,06-SEP-2023,712,INE127B01011,
HLEGLAS,EQ,578,588,577.5,584.85,585,578.3,60251,35209929.95,06-SEP-2023,3645,INE461D01028,
HLVLTD,EQ,18.4,20.65,18.4,20.2,20.25,17.7,8397626,167550831.3,06-SEP-2023,13524,INE102A01024,
HMAAGRO,EQ,833.9,835,785,802.95,803,825.6,111271,89657770.9,06-SEP-2023,6035,INE0ECP01016,
HMT,BZ,36.75,36.9,35.25,36.2,35.55,35.15,58597,2109946.75,06-SEP-2023,282,INE262A01018,
HMVL,BE,73.05,73.05,70.3,70.3,70.3,71.65,49907,3584355.3,06-SEP-2023,81,INE871K01015,
HNDFDS,EQ,547.55,552.5,543,545.3,545,547.05,56400,30758598.7,06-SEP-2023,6024,INE254N01026,
HNGSNGBEES,EQ,271.71,272.56,269.01,271.66,272.5,271.71,16793,4549844.02,06-SEP-2023,823,INF204KB19I1,
HOMEFIRST,EQ,870,877.65,856.2,871.15,865.8,859.85,527397,459379937.05,06-SEP-2023,26577,INE481N01025,
HOMESFY,SM,534.5,535,520,530,530,511.8,4200,2220360,06-SEP-2023,12,INE0N7F01017,
HONAUT,EQ,39350,39500,38960,39148.9,39299,39232.9,2610,102177754,06-SEP-2023,1359,INE671A01010,
HONDAPOWER,EQ,2777.55,2918,2763.25,2794.15,2795,2777.55,34205,97107250.15,06-SEP-2023,6187,INE634A01018,
HOVS,BE,54.8,54.8,51.55,52.45,52.9,53.25,7228,381077.6,06-SEP-2023,56,INE596H01014,
HPAL,EQ,520.4,523,505.05,512.05,511.65,518.7,123876,63565167.55,06-SEP-2023,6175,INE0GSL01016,
HPIL,EQ,140,142.5,136.3,139.7,137.25,137.2,10659,1485271,06-SEP-2023,516,INE05X901010,
HPL,EQ,269.4,269.4,243.8,243.8,243.8,256.6,1012073,255734590.7,06-SEP-2023,13206,INE495S01016,
HSCL,EQ,282.4,288.95,253.05,267.7,266.45,279,13820639,3674799106.45,06-SEP-2023,131425,INE019C01026,
HTMEDIA,EQ,26,26.3,25.05,25.15,25.25,25.85,774885,19805242.15,06-SEP-2023,2473,INE501G01024,
HUBTOWN,BE,47,48,46.5,47.65,47.95,46.8,74754,3543950.9,06-SEP-2023,497,INE703H01016,
HUDCO,EQ,78.25,80.4,76.15,77.65,77.85,77.85,11837635,925198104.5,06-SEP-2023,23570,INE031A01017,
HUDCO,N5,1111.1,1111.25,1110.1,1111.25,1111.25,1126,376,417658.24,06-SEP-2023,6,INE031A07865,
HUDCO,N8,1184.9,1184.9,1184.9,1184.9,1184.9,1165,1,1184.9,06-SEP-2023,1,INE031A07AO5,
HUDCO,N9,1178.99,1179,1178.7,1178.7,1178.7,1175.11,281,331292.8,06-SEP-2023,8,INE031A07AT4,
HUDCO,ND,1219.2,1219.2,1219.2,1219.2,1219.2,1219.2,495,603504,06-SEP-2023,7,INE031A07949,
HUDCO,NE,1362.9,1362.9,1362.9,1362.9,1362.9,1363,14,19080.6,06-SEP-2023,2,INE031A07AB2,
HUHTAMAKI,EQ,259.95,269,257,267.95,269,257.05,188189,49927261.95,06-SEP-2023,8468,INE275B01026,
HYBRIDFIN,BE,8.25,8.25,7.75,7.85,7.85,8.1,12447,99132.7,06-SEP-2023,40,INE965B01022,
IBMFNIFTY,EQ,203,204,197.06,198.72,200,199.54,802,159707.62,06-SEP-2023,81,INF666M01FS5,
IBREALEST,EQ,78.5,84.5,78.3,83,82.85,78.2,41761855,3452631284.25,06-SEP-2023,81403,INE069I01010,
IBUCCREDIT,N7,995,995,995,995,995,995,1,995,06-SEP-2023,1,INE244L07127,
IBUCCREDIT,NM,1020,1020,1020,1020,1020,1020,50,51000,06-SEP-2023,5,INE244L07283,
IBULHSGFIN,AJ,993,993,993,993,993,995,5,4965,06-SEP-2023,1,INE148I07NY2,
IBULHSGFIN,AP,975,975,945,945,945,988,31,29675,06-SEP-2023,4,INE148I07OM5,
IBULHSGFIN,EQ,188,192.9,185.5,190.05,189.95,187.65,9920210,1887463937.2,06-SEP-2023,53031,INE148I01020,
IBULHSGFIN,NA,1015,1015,1012,1012,1012,1012,150,152100,06-SEP-2023,2,INE148I07GL3,
IBULHSGFIN,NE,1000,1000,1000,1000,1000,1000,15,15000,06-SEP-2023,2,INE148I08256,
IBULHSGFIN,NH,1079,1079,1078,1078.5,1078.5,1077,78,84123,06-SEP-2023,7,INE148I07KB6,
IBULHSGFIN,NJ,1140.51,1175.15,1140.51,1175.15,1175.15,1169.75,8,9331.92,06-SEP-2023,3,INE148I07KD2,
IBULHSGFIN,NN,1053.26,1053.26,1053.26,1053.26,1053.26,1049.8,40,42130.4,06-SEP-2023,1,INE148I07KH3,
IBULHSGFIN,NS,1000,1000,1000,1000,1000,1000,138,138000,06-SEP-2023,6,INE148I07KN1,
IBULHSGFIN,NY,1031.25,1031.25,1031.2,1031.2,1031.2,1045.2,19,19593,06-SEP-2023,3,INE148I07KR2,
IBULHSGFIN,Y6,1123,1123,1123,1123,1123,1141,5,5615,06-SEP-2023,1,INE148I07KY8,
IBULHSGFIN,YK,950,950,950,950,950,986.9,10,9500,06-SEP-2023,1,INE148I07LL3,
IBULHSGFIN,YN,1065,1065,1065,1065,1065,1067,60,63900,06-SEP-2023,1,INE148I07LP4,
IBULHSGFIN,YP,927.3,927.3,927.3,927.3,927.3,955,22,20400.6,06-SEP-2023,1,INE148I07LR0,
IBULHSGFIN,YT,959,959,959,959,0.0,945,5,4795,06-SEP-2023,1,INE148I07LV2,
IBULHSGFIN,YV,1060,1060,1055,1055,1055,1049.8,5,5280,06-SEP-2023,2,INE148I07LW0,
IBULHSGFIN,YX,1051.57,1051.57,1051.57,1051.57,1051.57,1034.01,5,5257.85,06-SEP-2023,1,INE148I07LZ3,
IBULHSGFIN,Z3,1032.1,1032.1,1031,1031,1031,1040,67,69080.3,06-SEP-2023,2,INE148I07MF3,
IBULHSGFIN,ZS,1009,1009,1009,1009,1009,1015,10,10090,06-SEP-2023,1,INE148I07NK1,
ICDSLTD,BE,24.9,25.85,24.5,25.65,25.65,24.9,1718,43040.4,06-SEP-2023,30,INE613B01010,
ICEMAKE,EQ,534,538,511.55,518.85,530,520.05,37592,19606917.75,06-SEP-2023,1775,INE520Y01019,
ICICI10GS,EQ,217.75,217.75,217.4,217.75,217.75,217.9,58,12612,06-SEP-2023,4,INF109KC18O0,
ICICI500,EQ,29.13,29.13,28.86,29.03,29.04,29.01,31186,904245.2,06-SEP-2023,599,INF109KC1V59,
ICICI5GSEC,EQ,53.45,53.49,52.75,53.38,53.15,53.45,19512,1034806.31,06-SEP-2023,68,INF109KC14A8,
ICICIALPLV,EQ,199.49,199.9,199.1,199.74,199.57,199.53,3925,783471.69,06-SEP-2023,406,INF109KC1N59,
ICICIAUTO,EQ,163.47,163.47,161.05,161.76,162.17,161.8,4935,797514.71,06-SEP-2023,186,INF109KC1Y49,
ICICIB22,EQ,73.4,73.4,72.11,72.53,72.57,72.57,394091,28527661.8,06-SEP-2023,2476,INF109KB15Y7,
ICICIBANK,EQ,962.55,969.5,950.8,957.5,960.05,968.4,30802100,29506413588.7,06-SEP-2023,436476,INE090A01021,
ICICIBANKN,EQ,46.35,46.35,44.69,44.95,44.99,44.98,86903,3903201.85,06-SEP-2023,525,INF109KC15I8,
ICICIBANKP,EQ,231.49,231.49,230.2,230.79,230.8,231.47,21703,5006536.22,06-SEP-2023,128,INF109KC1E35,
ICICICOMMO,EQ,65.98,65.98,64.05,64.95,65,65.02,26409,1712882.25,06-SEP-2023,189,INF109KC19O8,
ICICICONSU,EQ,85,85.8,84.99,85.7,85.8,85.1,10898,933611.37,06-SEP-2023,59,INF109KC1V42,
ICICIFIN,EQ,20.1,20.1,19.49,19.85,19.86,19.89,48337,959404.55,06-SEP-2023,181,INF109KC17L8,
ICICIFMCG,EQ,534.99,538,529.01,536.39,536.08,532,13613,7277613.42,06-SEP-2023,406,INF109KC1R48,
ICICIGI,EQ,1352,1357.65,1338.1,1345.05,1346,1346.3,151416,204112038.5,06-SEP-2023,12974,INE765G01017,
ICICIGOLD,EQ,52.95,53.4,51.68,51.84,51.88,51.85,180917,9374603.48,06-SEP-2023,4198,INF109KC1NT3,
ICICIINFRA,EQ,62.5,62.52,62.07,62.26,62.21,62.24,15281,951411.64,06-SEP-2023,78,INF109KC16E5,
ICICILIQ,EQ,999.98,1000.05,999.98,999.99,1000,999.99,293641,293640957.78,06-SEP-2023,241,INF109KC1KT9,
ICICILOVOL,EQ,167.6,167.6,162.2,163.19,163.25,162.71,314384,51199022.28,06-SEP-2023,873,INF109KB10T8,
ICICIM150,EQ,154.9,155,153.2,154.89,155,154.22,10566,1631155.15,06-SEP-2023,660,INF109KC1G82,
ICICIMCAP,EQ,121.6,121.69,120.68,121.29,121.2,120.95,8273,1004524.79,06-SEP-2023,156,INF109KB1XT3,
ICICIMOM30,EQ,22.89,22.9,22.76,22.84,22.84,22.83,22104,505372.46,06-SEP-2023,134,INF109KC17C7,
ICICINF100,EQ,216.9,216.9,213.45,214.77,214.55,214.14,4207,901275.58,06-SEP-2023,448,INF109KA1962,
ICICINIFTY,EQ,215.6,215.6,213.84,214.96,215.11,214.72,146209,31340163.46,06-SEP-2023,5474,INF109K012R6,
ICICINV20,EQ,116.9,116.9,112.71,113.2,113.07,113.48,25402,2873980.78,06-SEP-2023,1062,INF109KB1WY5,
ICICINXT50,EQ,48.2,48.2,45.4,46.98,47.01,46.8,37148,1744073.85,06-SEP-2023,1067,INF109KC1NS5,
ICICIPHARM,EQ,97.89,98.39,97.33,98.07,98.1,97.33,22208,2175449.41,06-SEP-2023,235,INF109KC1Q72,
ICICIPRULI,EQ,536.85,540.45,532,539.65,539.25,536.85,814384,437497932.85,06-SEP-2023,17495,INE726G01019,
ICICIQTY30,EQ,162.3,162.73,162.24,162.71,162.71,162.3,885,143974.05,06-SEP-2023,7,INF109KC15T5,
ICICISENSX,EQ,737.09,737.09,728.31,734.76,734.87,733.02,787,576606.35,06-SEP-2023,130,INF346A01034,
ICICISILVE,EQ,74.27,74.27,73.56,73.68,73.78,73.9,248680,18339569.68,06-SEP-2023,843,INF109KC1Y56,
ICICITECH,EQ,34.17,34.17,33.63,33.89,33.94,33.92,409819,13869683.25,06-SEP-2023,1146,INF109KC16I6,
ICIL,EQ,243.5,246.05,241.15,243.7,244,243.5,223729,54556342.7,06-SEP-2023,6772,INE483B01026,
ICRA,EQ,5730.15,5747.2,5634,5675.6,5688,5706.95,30875,175988866.05,06-SEP-2023,3395,INE725G01011,
IDBI,EQ,71.5,72.9,69.3,70.1,69.85,70.15,33068871,2341684594.25,06-SEP-2023,62750,INE008A01015,
IDEA,EQ,10,10.85,9.55,10.65,10.6,9.9,365620360,3741973167.65,06-SEP-2023,106069,INE669E01016,
IDEAFORGE,EQ,993.65,1025,990,1007.1,1008,988.95,192561,194547021.2,06-SEP-2023,12450,INE349Y01013,
IDFC,EQ,129.5,129.5,126,127.2,127.5,128.05,8844494,1125712683.65,06-SEP-2023,27703,INE043D01016,
IDFCFIRSTB,EQ,99.75,99.75,96.25,97.65,97.2,99.2,46033233,4530174492.1,06-SEP-2023,115404,INE092T01019,
IDFNIFTYET,EQ,209.72,210.35,209.68,209.69,209.68,209.42,255,53545.41,06-SEP-2023,5,INF194KA1U07,
IEL,BE,11.8,11.8,11.7,11.7,11.7,11.7,134086,1580885.7,06-SEP-2023,114,INE059901020,
IEX,EQ,138.8,139.35,135.3,137,137.1,138.1,10441454,1433637233.7,06-SEP-2023,49141,INE022Q01020,
IFBAGRO,EQ,542,543.95,533.1,538.9,541,534,14943,8057673.4,06-SEP-2023,1539,INE076C01018,
IFBIND,EQ,994.05,995.7,960.1,964.5,963,989.1,47849,46504691.05,06-SEP-2023,4212,INE559A01017,
IFCI,EQ,18.4,18.4,17.15,17.4,17.35,18.4,40347286,711780873.25,06-SEP-2023,22369,INE039A01010,
IFCI,NH,1069.5,1069.5,1069.5,1069.5,1069.5,1070,300,320850,06-SEP-2023,2,INE039A07801,
IFGLEXPOR,EQ,515.6,525,514,522.75,521.5,512.8,76098,39636103.25,06-SEP-2023,5226,INE133Y01011,
IGARASHI,EQ,652.6,665.5,642.65,647.6,649.75,662.85,121980,79846311.2,06-SEP-2023,9014,INE188B01013,
IGL,EQ,459.95,471.8,459.25,467.15,466.55,459.15,2901255,1357184520.95,06-SEP-2023,46023,INE203G01027,
IGPL,EQ,495.85,507.35,495.45,503.55,503.8,495.85,44628,22413314.5,06-SEP-2023,3551,INE204A01010,
IIFCL,N1,1150,1150,1150,1150,1150,1188,23,26450,06-SEP-2023,1,INE787H07156,
IIFCL,N2,1089.59,1089.59,1089.59,1089.59,1089.59,1089.81,75,81719.25,06-SEP-2023,4,INE787H07354,
IIFL,EQ,604,607,587.65,594.45,595,602.25,613937,367184709.65,06-SEP-2023,15842,INE530B01024,
IIFL,N6,1005.01,1012,1000,1012,1012,1012,331,332537.65,06-SEP-2023,10,INE866I08279,
IIFL,NE,1000,1000,998,998,998,996.05,319,318411.5,06-SEP-2023,5,INE530B08094,
IIFL,NF,985.6,988,983.15,984.31,984.31,985,928,914043.37,06-SEP-2023,22,INE530B08102,
IIFL,NG,1150,1150,1150,1150,1150,1150,253,290950,06-SEP-2023,1,INE530B08110,
IIFL,NH,1069,1069,1068.98,1068.98,1068.99,1065,1046,1118161.55,06-SEP-2023,6,INE530B07120,
IIFL,NI,1158.99,1158.99,1158.99,1158.99,1158.99,1159.27,50,57949.5,06-SEP-2023,1,INE530B07138,
IIFL,NL,952,952,940,950.09,952,950.07,594,562092,06-SEP-2023,28,INE530B07161,
IIFL,NM,1070,1070,1070,1070,1070,1070.11,15,16050,06-SEP-2023,2,INE530B07179,
IIFL,NO,1005,1014,990.1,1007,1007,1005,553,555617.53,06-SEP-2023,11,INE530B07252,
IIFL,NP,1010,1015.8,1010,1015.8,1015.8,1008,500,506267.6,06-SEP-2023,6,INE530B07302,
IIFL,NR,1000,1000,1000,1000,1000,1000,169,169000,06-SEP-2023,3,INE530B07286,
IIFL,NS,939,939.99,939,939.01,939.99,939.57,223,209398.98,06-SEP-2023,13,INE530B07310,
IIFL,NU,955,955,955,955,955,955,95,90725,06-SEP-2023,3,INE530B07278,
IIFL,NV,957.01,959.8,954.8,958.63,958,956,449,429346.45,06-SEP-2023,8,INE530B07336,
IIFL,NW,953,953,952.2,952.3,952.3,965,80,76178.18,06-SEP-2023,6,INE530B07393,
IIFL,NX,921.35,940,921.35,940,940,1010,20,18613.5,06-SEP-2023,2,INE530B07344,
IIFL,NZ,939,939,939,939,939,940,1,939,06-SEP-2023,1,INE530B07385,
IIFLSEC,EQ,77.55,78.45,76.35,77.7,77.75,77.6,567171,44032921.35,06-SEP-2023,6376,INE489L01022,
IIHFL,N4,974.5,975,968,973,973,984,529,515019.35,06-SEP-2023,13,INE477L08147,
IIHFL,N5,986.25,989.97,985.1,985.1,985.1,985.54,630,622749.35,06-SEP-2023,9,INE477L08154,
IIHFL,N6,1111,1111,1093.01,1093.01,1093.01,1110,125,138425.25,06-SEP-2023,2,INE477L08162,
IIHFL,N7,1019,1019,1010.5,1010.5,1010.5,1010.5,23,23428.5,06-SEP-2023,3,INE477L07AL3,
IIHFL,N9,942,948.9,942,948.9,948.9,926.03,975,924391.9,06-SEP-2023,20,INE477L07AN9,
IIHFL,NC,930,930,930,930,930,942,100,93000,06-SEP-2023,4,INE477L07AQ2,
IITL,BE,105,107.4,104.85,106.55,107.4,105,3012,317664.55,06-SEP-2023,31,INE886A01014,
IKIO,EQ,390,394.1,380.95,382,382.5,388.05,548980,212274686.4,06-SEP-2023,14921,INE0LOJ01019,
IL&FSENGG,BZ,17.25,17.25,16.45,16.55,16.55,16.9,21524,358761.45,06-SEP-2023,55,INE369I01014,
IL&FSTRANS,BZ,2.95,3,2.85,2.95,3,2.9,72288,211868,06-SEP-2023,75,INE975G01012,
IMAGICAA,EQ,61.1,61.6,58.1,58.65,58.7,60.6,2475307,146855124.65,06-SEP-2023,9542,INE172N01012,
IMC1,N0,250.9,250.9,248,249.03,249,248,606,151252.66,06-SEP-2023,16,INE00QS24019,
IMC1,N1,250,250,247.01,248,248,248,137,33928.34,06-SEP-2023,10,INE00QS24043,
IMC1,N2,251.5,251.5,247.25,248.04,248,249,193,47916.4,06-SEP-2023,17,INE00QS24027,
IMC1,N3,251.9,251.9,251.85,251.85,251.85,251.95,2,503.75,06-SEP-2023,2,INE00QS24035,
IMFA,EQ,400,402.1,388.9,395.45,395.5,398.35,97111,38376516.05,06-SEP-2023,6351,INE919H01018,
IMPAL,EQ,868.45,879,843.05,844.6,845,855.25,18724,16176462.3,06-SEP-2023,2461,INE547E01014,
IMPEXFERRO,BE,2.8,2.85,2.75,2.75,2.75,2.8,20206,55704.75,06-SEP-2023,32,INE691G01015,
INCREDFIN,N4,990,990.01,990,990,990,990,151,149490.5,06-SEP-2023,3,INE321N07301,
INCREDFIN,N6,970,970,970,970,970,970,100,97000,06-SEP-2023,1,INE321N07277,
INCREDIBLE,EQ,29.35,29.7,28.5,29.05,28.7,28.85,30145,880904,06-SEP-2023,248,INE452L01012,
INDBANK,EQ,34.15,34.15,33.1,33.4,33.5,33.75,175207,5876812.55,06-SEP-2023,1129,INE841B01017,
INDHOTEL,EQ,423.9,433.2,422.05,431.5,431.7,422.45,4575749,1964839376.6,06-SEP-2023,64624,INE053A01029,
INDIACEM,EQ,256.35,260.45,250.1,253.9,253.25,254.85,3778808,961466429.45,06-SEP-2023,22825,INE383A01012,
INDIAGLYCO,EQ,754,761,746,752.95,755.6,751.45,121894,91896616.45,06-SEP-2023,7307,INE560A01015,
INDIAMART,EQ,3220.1,3281,3185,3267.95,3258,3215.85,191780,625315385.1,06-SEP-2023,21201,INE933S01016,
INDIANB,EQ,393.3,393.3,385.2,388.4,388.5,391.4,508453,197429156.65,06-SEP-2023,11239,INE562A01011,
INDIANCARD,EQ,281.8,320,278.05,299.75,296,272.2,789587,243941056.75,06-SEP-2023,16301,INE061A01014,
INDIANHUME,EQ,276.1,279.05,270,270.45,270.55,277.3,53678,14627817.6,06-SEP-2023,2349,INE323C01030,
INDIGO,EQ,2460,2473,2440,2461.9,2458.9,2450.05,822724,2021606733.05,06-SEP-2023,87157,INE646L01027,
INDIGOPNTS,EQ,1594.65,1594.65,1578.05,1589.1,1585,1586.4,50788,80648022.3,06-SEP-2023,7103,INE09VQ01012,
INDIGRID,IV,137.57,137.9,137.1,137.26,137.11,137.57,140322,19285841.77,06-SEP-2023,499,INE219X23014,
INDIGRID,ND,998.9,998.9,998.9,998.9,998.9,1047,35,34961.5,06-SEP-2023,2,INE219X07207,
INDIGRID,NJ,1020.6,1020.65,1020.6,1020.6,1020.6,1020.57,2305,2352483.25,06-SEP-2023,7,INE219X07264,
INDIGRID,NL,999.9,999.9,999.9,999.9,999.9,993.4,10,9999,06-SEP-2023,1,INE219X07280,
INDNIPPON,EQ,506.05,511,490.25,497.6,498,498.55,118094,59279838.2,06-SEP-2023,7234,INE092B01025,
INDOAMIN,EQ,120.2,120.5,117.65,118.3,119,119.55,103460,12297928.7,06-SEP-2023,2046,INE760F01028,
INDOBORAX,BE,168.3,171.4,166.45,167.3,168,168.3,22440,3775044.55,06-SEP-2023,457,INE803D01021,
INDOCO,EQ,323,327.15,314.5,317.7,318,316.2,340035,108698998,06-SEP-2023,13682,INE873D01024,
INDORAMA,EQ,51.95,52.35,50.5,51,51.4,51.45,121971,6248424.8,06-SEP-2023,1443,INE156A01020,
INDOSTAR,BE,186,193,186,188.15,187.1,188.6,108039,20276038.95,06-SEP-2023,1245,INE896L01010,
INDOTECH,BE,448,448,440,441,441,439.5,3269,1444472,06-SEP-2023,35,INE332H01014,
INDOTHAI,BE,226,226,216.5,218.1,217,226,6587,1442289.35,06-SEP-2023,95,INE337M01013,
INDOWIND,BE,13.85,14.2,13.8,14.1,14.1,13.85,456274,6401284.15,06-SEP-2023,967,INE227G01018,
INDRAMEDCO,BE,166.05,169.95,162.6,164.45,164.95,170.3,215129,35535566.95,06-SEP-2023,1932,INE681B01017,
INDSWFTLAB,EQ,103.45,123.4,98.25,123.4,123.4,102.85,2560108,294270057.5,06-SEP-2023,15831,INE915B01019,
INDSWFTLTD,BE,22.05,22.05,22.05,22.05,22.05,21.65,11672,257367.6,06-SEP-2023,13,INE788B01028,
INDTERRAIN,EQ,56.8,58.85,56.2,56.75,56.7,56.45,259811,14903102.6,06-SEP-2023,2151,INE611L01021,
INDUSINDBK,EQ,1421.75,1421.75,1396.45,1408.65,1405.25,1423.75,4046484,5691713033.15,06-SEP-2023,216495,INE095A01012,
INDUSTOWER,EQ,177.6,187.4,175.5,184.85,184.2,177.4,10894830,1987780312.85,06-SEP-2023,55017,INE121J01017,
INFIBEAM,EQ,15.35,15.65,14.65,14.75,14.8,15.15,42676602,642416668,06-SEP-2023,23908,INE483S01020,
INFINIUM,SM,517,517,500.55,500.55,500.55,526.9,12000,6051150,06-SEP-2023,12,INE0MRE01011,
INFOBEAN,EQ,474.8,478.65,469.55,472,472.95,475.85,18209,8591803.55,06-SEP-2023,2349,INE344S01016,
INFOLLION,SM,206,206.9,190,193.3,193,205.5,96000,18869440,06-SEP-2023,58,INE0NNZ01013,
INFOMEDIA,EQ,5.3,5.3,4.9,4.95,5.05,5.1,48633,243659.15,06-SEP-2023,113,INE669A01022,
INFRABEES,EQ,632.51,635,631,634.91,635,631.97,4486,2842141,06-SEP-2023,314,INF732E01268,
INFY,EQ,1481.9,1482.9,1463.3,1477.45,1475.8,1478.9,5075786,7476534609,06-SEP-2023,186641,INE009A01021,
INGERRAND,EQ,3185.85,3239.9,3170,3184.85,3179,3194.55,16030,51415787.6,06-SEP-2023,3396,INE177A01018,
INNOVANA,SM,681,681,681,681,681,690,2400,1634400,06-SEP-2023,5,INE403Y01018,
INNOVATIVE,SM,5.05,5.05,5.05,5.05,5.05,4.85,24000,121200,06-SEP-2023,8,INE070Y01015,
INOXGREEN,EQ,67,67.3,65.25,66.05,66.5,66.95,1707486,112931898.45,06-SEP-2023,9182,INE510W01014,
INOXWIND,EQ,201,204,196.7,201.85,201.5,200.6,537363,107784956.8,06-SEP-2023,10436,INE066P01011,
INSECTICID,EQ,507.25,513.15,504.7,512.15,513,504.7,29876,15172178,06-SEP-2023,2225,INE070I01018,
INSPIRISYS,BE,66.5,66.5,64.85,64.85,64.85,66.1,5484,360300.3,06-SEP-2023,31,INE020G01017,
INTELLECT,EQ,730.3,743,726.65,732.55,729,730.3,267045,196477673.35,06-SEP-2023,12094,INE306R01017,
INTENTECH,EQ,83.3,84.1,81,81.7,82,82.05,126629,10468349.15,06-SEP-2023,2360,INE781A01025,
INTLCONV,EQ,89.05,90,86.45,88.4,88.3,88.4,230025,20269935.1,06-SEP-2023,3751,INE575C01027,
INVENTURE,EQ,2.15,2.2,2.05,2.1,2.1,2.15,6232208,13219348.35,06-SEP-2023,4981,INE878H01024,
IOB,EQ,32.4,32.6,31.85,32.1,32.05,32.15,15078902,484339606.25,06-SEP-2023,15822,INE565A01014,
IOC,EQ,91.45,91.7,90.5,91.35,91.45,91.35,8805552,803035690.25,06-SEP-2023,42587,INE242A01010,
IOLCP,EQ,464.85,464.85,435.6,443.35,444.5,463.2,955761,427998184.7,06-SEP-2023,31171,INE485C01011,
IONEXCHANG,EQ,559.9,570,540,546.6,544.95,561.85,389082,216691316.95,06-SEP-2023,29949,INE570A01022,
IPCALAB,EQ,893.4,909.4,890.05,897.45,898,892.6,348082,313116514.65,06-SEP-2023,15635,INE571A01038,
IPL,EQ,285,288.8,278,282.2,279.8,288.25,1455654,412006711.3,06-SEP-2023,13217,INE0D6701023,
IPSL,SM,147,147,147,147,147,147.5,4000,588000,06-SEP-2023,2,INE02EE01019,
IRB,EQ,31.1,31.1,30.15,30.55,30.45,30.95,12322700,375490935.8,06-SEP-2023,15404,INE821I01022,
IRBINVIT,IV,70.1,70.28,69.75,69.91,69.98,69.97,215530,15080846.49,06-SEP-2023,3556,INE183W23014,
IRCON,EQ,126.8,126.8,120.6,121.35,121.35,126.3,14552534,1774561988.25,06-SEP-2023,65378,INE962Y01021,
IRCTC,EQ,701.9,715.9,696.05,708.5,708.3,701.9,3235426,2286477227.15,06-SEP-2023,62539,INE335Y01020,
IREDA,N7,1175,1175,1175,1175,1175,1176,49,57575,06-SEP-2023,1,INE202E07229,
IRFC,EQ,73.5,74,67.25,68.75,68.75,72.25,203998733,14092353700.5,06-SEP-2023,388026,INE053F01010,
IRFC,N2,1169.4,1169.4,1168.99,1168.99,1168.99,1167.99,2,2338.39,06-SEP-2023,2,INE053F07538,
IRFC,N4,1148.5,1150,1105,1138.06,1148.86,1149.99,77,87967.65,06-SEP-2023,7,INE053F07579,
IRFC,N7,1040,1040,1040,1040,1040,1040,3,3120,06-SEP-2023,1,INE053F07652,
IRFC,NA,1180,1180,1170.21,1180,1180,1178.63,240,282113.29,06-SEP-2023,9,INE053F07686,
IRFC,NE,1196,1209.9,1196,1204.09,1204,1199.89,324,389073.3,06-SEP-2023,13,INE053F07744,
IRFC,NJ,1189.89,1189.89,1179.05,1179.05,1179.05,1178,2,2368.94,06-SEP-2023,2,INE053F07835,
IRFC,NN,1095,1097,1090,1092.51,1092.51,1100,145,158407.76,06-SEP-2023,7,INE053F07892,
IRFC,NO,1193.01,1193.05,1192.99,1193.05,1193.05,1189,1315,1568813.65,06-SEP-2023,4,INE053F07900,
IRIS,BE,103.25,106.1,102.45,103.15,102.75,105.45,32318,3348681.65,06-SEP-2023,295,INE864K01010,
IRISDOREME,EQ,76.55,76.55,74.95,75.7,75.5,75.65,61459,4646396.7,06-SEP-2023,1698,INE01GN01025,
ISEC,EQ,626.4,626.95,616.05,620.75,621.9,626.4,232856,144584152.6,06-SEP-2023,9962,INE763G01038,
ISFT,EQ,132.8,132.8,126.05,127.3,126.5,129.75,13845,1785892.35,06-SEP-2023,628,INE566K01011,
ISGEC,EQ,700,702.05,692.05,695.25,694,699,43478,30304317.45,06-SEP-2023,3500,INE858B01029,
ISHAN,SM,34,34.9,32.2,34.2,34.4,33.5,17600,591520,06-SEP-2023,11,INE0LCW01017,
ISMTLTD,EQ,82.85,83.2,79.7,80.1,80.5,82.4,332975,26897665.65,06-SEP-2023,3236,INE732F01019,
ITBEES,EQ,33.1,34.21,32.68,33.95,33.97,33.97,5404696,183469232.7,06-SEP-2023,13824,INF204KB15V2,
ITC,EQ,443.95,448.5,442,447.45,448,443.1,12863039,5733284923.4,06-SEP-2023,179677,INE154A01025,
ITDC,EQ,418,427,411.2,420.95,423.8,414,197907,83262851.2,06-SEP-2023,11741,INE353K01014,
ITDCEM,EQ,242.6,244,237.55,239.3,239,241,759477,182229239.2,06-SEP-2023,14400,INE686A01026,
ITI,EQ,127,128.85,122.45,127.7,127.35,126.6,1336620,168254768.55,06-SEP-2023,11470,INE248A01017,
IVC,BE,8.1,8.25,8,8.1,8.1,8.05,123218,1003946.2,06-SEP-2023,494,INE050B01023,
IVP,EQ,162.85,164.2,160.6,162.7,162.95,164.05,16174,2624593.75,06-SEP-2023,645,INE043C01018,
IVZINGOLD,EQ,5246.75,5268,5246.75,5250,5250,5263.95,206,1081711.3,06-SEP-2023,17,INF205K01361,
IWEL,EQ,2675.1,2675.1,2589,2597.3,2590,2644.5,3817,9962438.8,06-SEP-2023,886,INE0FLR01028,
IZMO,BE,197.8,197.8,185.15,193.4,194.8,192.55,29669,5668340.7,06-SEP-2023,301,INE848A01014,
J&KBANK,EQ,90.95,91,89.3,89.9,89.8,90.6,2872028,258139406.2,06-SEP-2023,8976,INE168A01041,
JAGRAN,EQ,107.85,109.6,104.1,106,106.75,106.55,332322,35528064,06-SEP-2023,4933,INE199G01027,
JAGSNPHARM,EQ,418.5,427,416.5,419.1,421,424.65,31832,13380859.9,06-SEP-2023,2762,INE048B01027,
JAIBALAJI,BE,328.5,328.5,301.25,328.5,328.5,312.9,1167620,378541352.9,06-SEP-2023,3719,INE091G01018,
JAICORPLTD,EQ,238.25,243.5,231.5,233.6,233.15,237.15,2479330,586168610.4,06-SEP-2023,22511,INE070D01027,
JAINAM,SM,140,142,136.8,139.4,136.8,144,7000,969200,06-SEP-2023,7,INE02KC01010,
JAIPURKURT,EQ,89.95,93.45,84.15,86.7,86,90.3,107209,9593466.45,06-SEP-2023,1922,INE696V01013,
JALAN,SM,5.8,6.05,5.8,6.05,6.05,5.8,9000,53700,06-SEP-2023,3,INE349X01015,
JAMNAAUTO,EQ,124.1,126.8,121.25,123.5,123.75,123.45,2696187,334868836.95,06-SEP-2023,23455,INE039C01032,
JASH,EQ,1491.15,1493,1465.5,1469.35,1468.65,1480.85,3422,5068051.8,06-SEP-2023,507,INE039O01011,
JAYAGROGN,EQ,206.25,208.55,201.35,203.4,203.05,204.8,26734,5442632.75,06-SEP-2023,1260,INE785A01026,
JAYBARMARU,EQ,287.7,290.45,287.5,289.35,289.05,288.1,24352,7039806.35,06-SEP-2023,729,INE571B01028,
JAYNECOIND,EQ,36.7,37.4,34.35,35.05,34.5,36.3,1009801,36189350.95,06-SEP-2023,2664,INE854B01010,
JAYSREETEA,EQ,104.95,105.6,99.3,100.45,100.3,101.65,188283,19081512.65,06-SEP-2023,3053,INE364A01020,
JBCHEPHARM,EQ,2824.9,2888.25,2808.05,2838.9,2836.25,2808.85,78501,224528934,06-SEP-2023,16382,INE572A01028,
JBMA,BE,1515,1515,1480,1494.2,1497,1497.3,76822,114480763.6,06-SEP-2023,9425,INE927D01044,
JCHAC,EQ,1300,1300.05,1273.4,1286.35,1278,1288.5,19533,25139295.2,06-SEP-2023,2157,INE782A01015,
JETAIRWAYS,BZ,60.7,60.7,60.7,60.7,60.7,61.9,7508,455735.6,06-SEP-2023,90,INE802G01018,
JETFREIGHT,BE,10.25,10.25,9.7,10.1,10.1,10.1,97523,970087.4,06-SEP-2023,202,INE982V01025,
JETKNIT,SM,79.75,79.75,79.75,79.75,79.75,81.5,91500,7297125,06-SEP-2023,1,INE564T01017,
JFLLIFE,SM,50.95,53.4,50.95,52.85,52.85,52.4,10000,523300,06-SEP-2023,5,INE0LA901015,
JHS,BE,25.15,25.15,25.15,25.15,25.15,24.7,38774,975166.1,06-SEP-2023,49,INE544H01014,
JINDALPHOT,EQ,385,385,373.2,375,376,381.65,45966,17333586,06-SEP-2023,1984,INE796G01012,
JINDALPOLY,EQ,680.05,700,670.3,675.35,675,678.8,36527,24690905.15,06-SEP-2023,3893,INE197D01010,
JINDALSAW,EQ,372.3,380.75,369.9,373.2,370.7,370.8,826476,310230197.2,06-SEP-2023,22054,INE324A01024,
JINDALSTEL,EQ,710.65,711,697,702.45,701.25,712.55,1685851,1181502488.85,06-SEP-2023,33872,INE749A01030,
JINDRILL,EQ,581.9,581.9,561.05,563.95,566.8,578,63984,36277492.5,06-SEP-2023,4154,INE742C01031,
JINDWORLD,EQ,393.1,404.95,386.2,388.8,389.05,390.95,188461,74138226.6,06-SEP-2023,8253,INE247D01039,
JIOFIN,EQ,247,259.8,246.05,252.85,253.75,255.05,225413157,56848829290.55,06-SEP-2023,634106,INE758E01017,
JISLDVREQS,BE,33.05,33.7,33.05,33.7,33.7,33.05,55164,1844373.3,06-SEP-2023,97,IN9175A01010,
JISLJALEQS,EQ,67,69.35,66.3,68.5,68.2,66.75,9419045,641176323.8,06-SEP-2023,25276,INE175A01038,
JITFINFRA,BE,486.35,495,480,485.05,484.1,486.35,15513,7547036.75,06-SEP-2023,191,INE863T01013,
JKCEMENT,EQ,3421.4,3476.4,3380,3406.35,3398.65,3421.4,110683,378734967.15,06-SEP-2023,10408,INE823G01014,
JKIL,EQ,421.35,421.35,415,416.25,416,419.55,86078,35911292.35,06-SEP-2023,4601,INE576I01022,
JKLAKSHMI,EQ,708,710.5,689.6,691.65,691.7,700.35,579335,405122609.5,06-SEP-2023,13265,INE786A01032,
JKPAPER,EQ,373.75,402.5,373,398,399,371.95,8790839,3447822751,06-SEP-2023,106932,INE789E01012,
JKTYRE,EQ,266.9,269.7,263.1,264.6,264.85,265.15,675224,178944344.55,06-SEP-2023,12108,INE573A01042,
JMA,EQ,79.9,80.45,77.75,78.5,78.85,79.9,60648,4783292.2,06-SEP-2023,700,INE412C01023,
JMFINANCIL,EQ,89.5,95.9,89.5,93.9,93.7,89.05,28335285,2641213869.25,06-SEP-2023,71275,INE780C01023,
JOCIL,EQ,201,201,197,198.15,199.5,198.9,7380,1463696.7,06-SEP-2023,395,INE839G01010,
JPASSOCIAT,EQ,14.2,14.4,13.75,13.9,13.9,14.05,38666641,543205667,06-SEP-2023,18155,INE455F01025,
JPOLYINVST,EQ,480.35,480.35,473.45,477.2,480,472.75,5332,2537197,06-SEP-2023,666,INE147P01019,
JPPOWER,EQ,8.6,8.85,8.4,8.75,8.8,8.55,215359905,1870380566.65,06-SEP-2023,55187,INE351F01018,
JSL,EQ,476.7,485.3,472.4,476.75,474.7,474.75,812323,389232560.05,06-SEP-2023,33468,INE220G01021,
JSLL,SM,1009,1039.95,985.05,1033,1028,1032,23500,24005875,06-SEP-2023,37,INE0J5801011,
JSWENERGY,EQ,381.65,387.4,376.05,382.3,381.55,378.75,6620085,2529396743.8,06-SEP-2023,71664,INE121E01018,
JSWHL,EQ,4620,4670,4565.75,4630.15,4630,4653.65,1915,8861652.05,06-SEP-2023,361,INE824G01012,
JSWSTEEL,EQ,816.05,817.5,803.3,814.9,813,815.95,2225037,1805537408.55,06-SEP-2023,70896,INE019A01038,
JTEKTINDIA,EQ,137.75,138.25,134.2,135.7,135.4,137.75,150092,20432987.25,06-SEP-2023,3215,INE643A01035,
JTLIND,EQ,435.65,436.9,411.35,426,417.3,431.85,856421,366161976.2,06-SEP-2023,13701,INE391J01024,
JUBLFOOD,EQ,538.05,544,530.25,540.7,540.45,533.3,3856124,2076710929.25,06-SEP-2023,57391,INE797F01020,
JUBLINDS,EQ,725.95,734.45,707.5,725.4,725.05,721.3,52433,37871506.45,06-SEP-2023,6058,INE645L01011,
JUBLINGREA,EQ,512,520,505.95,509.55,508,510.3,661475,340234668.25,06-SEP-2023,15255,INE0BY001018,
JUBLPHARMA,EQ,464.5,464.95,450.7,454.05,454.8,463.9,130478,59691615.9,06-SEP-2023,7552,INE700A01033,
JUNIORBEES,EQ,483.25,483.84,473.05,483.49,483.84,480.98,129689,62558694.78,06-SEP-2023,6393,INF732E01045,
JUSTDIAL,EQ,761,761,753.55,757.35,755,756.9,73653,55745301.3,06-SEP-2023,6005,INE599M01018,
JWL,EQ,404.75,411,395,400.1,395.75,392.1,2604884,1055647226.75,06-SEP-2023,49747,INE209L01016,
JYOTHYLAB,EQ,350.8,359.95,348.75,355.75,356.8,349.9,1217429,431277939.85,06-SEP-2023,22788,INE668F01031,
JYOTISTRUC,BE,10.8,10.8,10.8,10.8,10.8,10.6,528031,5702734.8,06-SEP-2023,70,INE197A01024,
KABRAEXTRU,EQ,446.25,467.9,445.1,465.6,467.7,446.25,340268,157568862.9,06-SEP-2023,10050,INE900B01029,
KAJARIACER,EQ,1482.9,1488,1465.05,1469.6,1470,1475.15,82898,122388913.75,06-SEP-2023,6516,INE217B01036,
KAKATCEM,EQ,231,243.75,231,237.5,235.5,231.6,114122,27399008.75,06-SEP-2023,4988,INE437B01014,
KALYANIFRG,BE,467,468.05,467,468.05,468.05,445.8,12875,6022816.1,06-SEP-2023,261,INE314G01014,
KALYANKJIL,EQ,245.05,249.95,234,240.85,240,242.65,2598249,627649020.9,06-SEP-2023,46158,INE303R01014,
KAMATHOTEL,BE,203.7,203.7,200,200.95,200.4,200.35,21035,4245417.4,06-SEP-2023,216,INE967C01018,
KAMDHENU,EQ,304.8,307.25,302.05,306.3,306.4,303,59852,18269726.25,06-SEP-2023,2614,INE390H01012,
KAMOPAINTS,BE,183.9,187,181.3,181.95,181.95,183.7,25882,4745647.75,06-SEP-2023,298,INE0BTI01029,
KANANIIND,BE,7.5,7.5,7.2,7.35,7.35,7.3,40868,299748,06-SEP-2023,251,INE879E01037,
KANDARP,SM,18.5,18.5,18.5,18.5,18.5,18.5,4000,74000,06-SEP-2023,1,INE0MOT01016,
KANORICHEM,EQ,135,148,130.5,142.45,143,132.7,1605651,228883660.7,06-SEP-2023,15115,INE138C01024,
KANPRPLA,EQ,126.65,128.75,124.05,125.7,124.7,124.8,18352,2323218.4,06-SEP-2023,646,INE694E01014,
KANSAINER,EQ,338.1,338.95,333.75,335.1,335.65,338.1,646175,216471518.7,06-SEP-2023,7984,INE531A01024,
KAPSTON,EQ,160.05,162,158.05,159.75,162,159.2,4007,639670.7,06-SEP-2023,374,INE542Z01010,
KARMAENG,BE,44,44,43.1,43.95,43.15,43.4,2804,123202.6,06-SEP-2023,40,INE725L01011,
KARURVYSYA,EQ,130.7,132.5,126.4,129.4,129.5,129.25,4635813,604033052.4,06-SEP-2023,29239,INE036D01028,
KAUSHALYA,BE,5.15,5.15,5,5.05,5.05,5.05,56146,285374.7,06-SEP-2023,109,INE234I01010,
KAVVERITEL,BE,9.3,9.55,9.3,9.55,9.55,9.1,41749,398623.7,06-SEP-2023,118,INE641C01019,
KAYA,EQ,364.1,364.6,356.3,359.75,360.95,363.85,22850,8210315,06-SEP-2023,1487,INE587G01015,
KAYNES,EQ,1975,1978.4,1895,1911.55,1936,1960.9,136533,264079451.1,06-SEP-2023,18066,INE918Z01012,
KBCGLOBAL,BE,2.9,3,2.9,3,3,2.95,2988822,8724374.6,06-SEP-2023,363,INE278R01034,
KCK,SM,25,25,25,25,25,24,4000,100000,06-SEP-2023,1,INE0J1E01019,
KCP,EQ,128,131.5,122.05,125.85,126.8,127.5,731936,93719755.4,06-SEP-2023,7184,INE805C01028,
KCPSUGIND,EQ,36.1,37.8,36.1,36.7,36.6,35,4474611,164968506.65,06-SEP-2023,13110,INE790B01024,
KDDL,EQ,1855,1910,1825.65,1879.95,1884,1852.4,44529,84043969.6,06-SEP-2023,11283,INE291D01011,
KDL,SM,303.9,303.9,288.7,288.7,288.7,303.9,14400,4190040,06-SEP-2023,18,INE0O4R01018,
KEC,EQ,666,678.95,661.75,676.7,676.9,659.75,475317,320388428.4,06-SEP-2023,27560,INE389H01022,
KECL,EQ,117.15,118.4,112,113.1,113.65,116.25,251298,28548837.55,06-SEP-2023,2840,INE134B01017,
KEEPLEARN,BE,3.5,3.5,3.5,3.5,3.5,3.35,9248,32368,06-SEP-2023,16,INE055C01020,
KEERTI,BE,70,70,69.9,69.9,69.9,71.3,2300,160778.6,06-SEP-2023,8,INE586X01012,
KEI,EQ,2640.55,2640.85,2560.2,2567.15,2569,2627.4,203543,526071427.1,06-SEP-2023,19566,INE878B01027,
KELLTONTEC,EQ,90.9,98.7,90.75,95.95,96.5,90.2,6706988,643882123.35,06-SEP-2023,41385,INE164B01022,
KENNAMET,EQ,2793.85,2837.95,2775.2,2795.55,2788,2794.8,4449,12464561.1,06-SEP-2023,2012,INE717A01029,
KERNEX,BE,497,497,462,484.45,489.95,475.35,176006,85369716.85,06-SEP-2023,1555,INE202H01019,
KESORAMIND,BE,99,99.5,96,99.1,99,97.65,3434205,335632803.7,06-SEP-2023,3062,INE087A01019,
KEYFINSERV,EQ,123,126.1,119.2,120.75,120.5,119.95,53052,6499790.6,06-SEP-2023,3149,INE681C01015,
KFINTECH,EQ,456.1,460.85,446.6,449.2,448,456.1,354932,160554328.2,06-SEP-2023,17811,INE138Y01010,
KHADIM,EQ,279.8,279.8,269.1,272.8,272.3,278.5,94584,25951539.7,06-SEP-2023,4624,INE834I01025,
KHAICHEM,EQ,69,70.45,68.6,69.25,69.65,68.75,208446,14506299.85,06-SEP-2023,2629,INE745B01028,
KHAITANLTD,BE,56.65,59.35,56.65,57.25,58.5,57.2,3751,219171.3,06-SEP-2023,41,INE731C01018,
KHANDSE,BE,27.65,27.65,26,26.05,26,26.5,15881,419336.2,06-SEP-2023,59,INE060B01014,
KHFM,SM,51.8,51.8,51.8,51.8,51.8,49.35,18600,963480,06-SEP-2023,4,INE00UG01014,
KICL,EQ,2527,2622,2505,2587.95,2580,2543.85,6820,17590457.6,06-SEP-2023,1756,INE029L01018,
KILITCH,BE,199.5,199.5,199,199.5,199.5,195.6,1125,224285,06-SEP-2023,19,INE729D01010,
KIMS,EQ,2048.9,2064.05,2030.65,2055.7,2055,2030.65,114748,235142768.6,06-SEP-2023,14481,INE967H01017,
KINGFA,EQ,2390,2437.85,2300.55,2332.7,2322.25,2389.45,15131,35846639.95,06-SEP-2023,2763,INE473D01015,
KIOCL,EQ,258.45,273,248.65,260.2,258.7,258.45,2344432,616039801.15,06-SEP-2023,39708,INE880L01014,
KIRIINDUS,EQ,274,275.25,269.85,270.45,270.8,273.8,131257,35728163.55,06-SEP-2023,3479,INE415I01015,
KIRLFER,EQ,492.7,492.7,481.85,485.7,487.55,492.15,51866,25228853.1,06-SEP-2023,4994,INE884B01025,
KIRLOSBROS,EQ,851.95,858.2,840.55,851.35,850,845.35,161906,137598355.75,06-SEP-2023,8143,INE732A01036,
KIRLOSENG,EQ,527.4,533,504,507.65,509,524.4,674983,348881272.1,06-SEP-2023,40327,INE146L01010,
KIRLOSIND,EQ,3590,3596,3460,3487.9,3480.7,3545.75,4544,15900649.4,06-SEP-2023,887,INE250A01039,
KIRLPNU,EQ,613.65,625.05,612.2,621.85,616.3,611,45538,28233471.75,06-SEP-2023,4296,INE811A01020,
KITEX,EQ,203.85,207.95,202.6,203.65,203.55,203.1,167875,34417345.55,06-SEP-2023,3708,INE602G01020,
KKCL,EQ,669.95,678,665,667.95,669.9,669.45,23856,15976102.85,06-SEP-2023,2313,INE401H01017,
KMSUGAR,EQ,33.5,35.2,33.35,34.5,34.55,32.85,2242068,77377314.95,06-SEP-2023,7591,INE157H01023,
KNAGRI,SM,154,155.8,153.1,154,154,154,11200,1727040,06-SEP-2023,7,INE0KNW01016,
KNRCON,EQ,275,276.8,270.1,270.95,271.9,275.3,466056,126853223.85,06-SEP-2023,14302,INE634I01029,
KOHINOOR,BE,35,35.9,35,35.3,35.5,35,89372,3157195.7,06-SEP-2023,435,INE080B01012,
KOKUYOCMLN,BE,145.15,148.5,145,146,147.35,146.8,36381,5321047.4,06-SEP-2023,364,INE760A01029,
KOLTEPATIL,EQ,455.9,455.9,441.15,445.6,444,453.75,84355,37712548.3,06-SEP-2023,5100,INE094I01018,
KOPRAN,EQ,250.05,250.4,239,243.4,245,248.5,627376,153763134.35,06-SEP-2023,11831,INE082A01010,
KORE,SM,325,337,325,335,335,344.95,11000,3658000,06-SEP-2023,10,INE0J6801010,
KOTAKALPHA,EQ,34.98,34.98,34.37,34.54,34.51,34.61,154783,5350621.74,06-SEP-2023,914,INF174KA1IA5,
KOTAKBANK,EQ,1771,1777,1760.2,1770.3,1776,1771.05,6220223,11007068218.6,06-SEP-2023,307880,INE237A01028,
KOTAKBKETF,EQ,458.6,458.6,451.63,453.85,453.32,455.59,7754,3518167.35,06-SEP-2023,359,INF174K01F59,
KOTAKCONS,EQ,84.2,84.78,84.2,84.43,84.43,84.36,465,39381.19,06-SEP-2023,13,INF174KA1JE5,
KOTAKGOLD,EQ,50.68,50.74,50.51,50.57,50.58,50.68,168380,8515473.84,06-SEP-2023,700,INF174KA1HJ8,
KOTAKIT,EQ,33.95,33.95,33.42,33.71,33.8,33.72,60673,2043037.86,06-SEP-2023,492,INF174KA1GC5,
KOTAKLIQ,EQ,999.99,1000,999.99,1000,1000,999.99,39990,39989999.9,06-SEP-2023,998,INF174KA1LV5,
KOTAKLOVOL,EQ,15.59,15.59,15.26,15.35,15.28,15.36,214821,3296944.54,06-SEP-2023,173,INF174KA1IY5,
KOTAKMID50,EQ,116.99,121.1,114.5,116.27,116.55,115.88,26697,3090027.54,06-SEP-2023,313,INF174KA1IB3,
KOTAKMNC,EQ,22.35,22.49,22.34,22.48,22.48,22.24,1750,39308.76,06-SEP-2023,36,INF174KA1JF2,
KOTAKNIFTY,EQ,210.75,210.77,208.66,210.18,210.77,209.72,20038,4206246.65,06-SEP-2023,337,INF174K014P6,
KOTAKNV20,EQ,116,116,113.1,115.19,115.8,115.4,142958,16519940.71,06-SEP-2023,380,INF174K01Z71,
KOTAKPSUBK,EQ,469.3,469.62,460.05,462.8,462.23,465.75,10387,4812658.68,06-SEP-2023,399,INF373I01023,
KOTAKSILVE,EQ,72,72.1,71.5,71.69,71.7,71.92,13945,1002742.03,06-SEP-2023,117,INF174KA1KU9,
KOTARISUG,BE,60,60.9,57.65,59.4,59.5,58.25,285144,16933175.65,06-SEP-2023,2309,INE419A01022,
KOTHARIPET,EQ,127.65,130.9,125.35,127.9,128.55,126.85,339830,43338659.4,06-SEP-2023,5201,INE720A01015,
KOTHARIPRO,EQ,132.5,136,128.65,130.35,130.25,131.3,21462,2818728.45,06-SEP-2023,1070,INE823A01017,
KOTYARK,SM,560,594,556,583.4,580,590.15,13600,7855100,06-SEP-2023,66,INE0J0B01017,
KOVAI,EQ,2630,2699.9,2616,2634.35,2641.7,2664.1,5041,13356966.8,06-SEP-2023,1404,INE177F01017,
KPIGREEN,EQ,863,866.45,850,853.55,854.2,857,66922,57348134.2,06-SEP-2023,5061,INE542W01017,
KPIL,EQ,685.35,688.75,668.5,670.5,674.1,682.4,288091,194385044.55,06-SEP-2023,14819,INE220B01022,
KPITTECH,EQ,1170.7,1179.9,1160,1167.45,1171,1165.95,479574,560729569.2,06-SEP-2023,29458,INE04I401011,
KPRMILL,EQ,750,761.1,738.3,754.3,748,750,296119,223474501.75,06-SEP-2023,19226,INE930H01031,
KRBL,EQ,406.95,444.7,405.5,435.3,436,406.9,4334527,1879371061.3,06-SEP-2023,79679,INE001B01026,
KREBSBIO,BE,64.35,64.35,64.35,64.35,64.35,65.65,7203,463513.05,06-SEP-2023,46,INE268B01013,
KRIDHANINF,BE,2.1,2.1,2.1,2.1,2.1,2.1,18808,39496.8,06-SEP-2023,37,INE524L01026,
KRISHANA,EQ,427.1,431.6,423.35,428.65,429.95,427.35,29435,12598604.3,06-SEP-2023,1709,INE506W01012,
KRISHCA,SM,258,258,233.1,251.65,250,260,78000,19251600,06-SEP-2023,39,INE0NR701018,
KRISHIVAL,SM,275,275,275,275,275,275,1000,275000,06-SEP-2023,2,INE0GGO01015,
KRISHNADEF,SM,296.25,297,284,287,288,299.05,30000,8725200,06-SEP-2023,29,INE0J5601015,
KRITI,EQ,110.25,112.45,109.1,110.9,111.4,110.8,27162,3008325.4,06-SEP-2023,950,INE479D01038,
KRITIKA,BE,19.5,19.5,19,19.15,19.2,19.3,109418,2096873.7,06-SEP-2023,705,INE00Z501029,
KRITINUT,BE,79.9,79.9,78,78.35,78.9,79.05,39345,3083990.2,06-SEP-2023,258,INE798K01010,
KRSNAA,EQ,675,687.4,670.55,679.6,678,677.55,88702,60023525.65,06-SEP-2023,7973,INE08LI01020,
KSB,EQ,2796.5,2888.85,2780,2834,2838.5,2766.5,73892,209575332.4,06-SEP-2023,12577,INE999A01015,
KSCL,EQ,592,592.35,580.15,583.95,582,587.85,200167,117324561.25,06-SEP-2023,7441,INE455I01029,
KSHITIJPOL,BE,5.95,6.05,5.8,6.05,6.05,5.8,530248,3194050,06-SEP-2023,1140,INE013801027,
KSL,EQ,525.7,526.95,505.55,517.2,519,520.3,93912,48480105.25,06-SEP-2023,6524,INE907A01026,
KSOLVES,BE,993.35,1097.85,993.35,1097.85,1097.85,1045.6,98420,102087850.2,06-SEP-2023,7843,INE0D6I01015,
KTKBANK,EQ,220.8,223.85,219.55,222.05,222.1,219.85,2011186,445594631.8,06-SEP-2023,16659,INE614B01018,
KUANTUM,EQ,187.3,197.6,186.55,195.8,196.95,187.3,883037,168953046.55,06-SEP-2023,12079,INE529I01021,
L&TFH,EQ,130.35,130.4,126.5,127.95,127.9,129.8,4186147,536751235.8,06-SEP-2023,22481,INE498L01015,
L&TFINANCE,NC,1046.05,1046.05,1046.05,1046.05,1046.05,1045.99,15,15690.75,06-SEP-2023,1,INE027E07931,
L&TFINANCE,NE,1004,1004,1004,1004,1004,1023.9,21,21084,06-SEP-2023,1,INE027E07956,
L&TFINANCE,NG,1100,1100,1100,1100,1100,1088,5,5500,06-SEP-2023,1,INE027E07972,
L&TFINANCE,NO,1040,1040,1040,1040,1040,1039.9,100,104000,06-SEP-2023,1,INE027E07AF3,
L&TFINANCE,Y5,1065,1065,1060.89,1060.89,1060.89,1061,32,34035.69,06-SEP-2023,5,INE027E07AY4,
L&TFINANCE,Y7,1003.55,1003.55,1002,1003.55,1003.55,1006.45,34,34099,06-SEP-2023,6,INE027E07BA2,
L&TFINANCE,Y9,1080,1080,1080,1080,1080,1071.02,2,2160,06-SEP-2023,2,INE027E07BC8,
LAGNAM,BE,73.85,73.85,68.2,71.7,71.55,71.05,18927,1342741.2,06-SEP-2023,130,INE548Z01017,
LAL,BE,235.15,235.15,232,232.25,232.25,232,10910,2534345.3,06-SEP-2023,10,INE740X01015,
LALPATHLAB,EQ,2210,2254.2,2208,2239.35,2239.95,2205.8,202489,452688988.05,06-SEP-2023,17033,INE600L01024,
LAMBODHARA,BE,146,148.85,144,147.5,147.9,146.6,8385,1230195.95,06-SEP-2023,130,INE112F01022,
LANDMARK,EQ,710.35,738,710.35,732.5,733.15,713.3,225954,163503198.7,06-SEP-2023,10285,INE559R01029,
LAOPALA,EQ,433.25,446.35,430,437.7,438,431.05,190127,83044066.2,06-SEP-2023,10144,INE059D01020,
LASA,EQ,30.95,31,29.95,30.2,30.4,30.35,65857,1998856.75,06-SEP-2023,522,INE670X01014,
LATENTVIEW,EQ,459,465.9,451.3,460.3,461,455.4,1269931,583663627.05,06-SEP-2023,24877,INE0I7C01011,
LATTEYS,BE,41,41.8,41,41.8,41.8,41,35555,1462645.2,06-SEP-2023,41,INE262Z01023,
LAURUSLABS,EQ,408.4,411.4,401.8,407.3,407.5,406.6,1939530,789201662.85,06-SEP-2023,23591,INE947Q01028,
LAXMICOT,EQ,21.65,23.8,20.75,22.9,23,21.15,538328,12337191.6,06-SEP-2023,2775,INE801V01019,
LAXMIMACH,EQ,15166,15264.95,14705,14755.2,14765,15162.85,5725,85414295,06-SEP-2023,2251,INE269B01029,
LCCINFOTEC,BE,1.7,1.75,1.7,1.7,1.75,1.75,78224,133094.35,06-SEP-2023,149,INE938A01021,
LEMERITE,SM,52,52.9,52,52.9,52.9,51.6,9600,501440,06-SEP-2023,5,INE0G1L01017,
LEMONTREE,EQ,106.35,109.5,105.5,108.5,108.5,106.1,10507575,1136075495.05,06-SEP-2023,37935,INE970X01018,
LEXUS,BE,38.65,38.7,36.6,38.25,38.35,38.5,4922,187548.55,06-SEP-2023,54,INE500X01013,
LFIC,EQ,168,170.95,159.05,160.05,159.9,167.35,21891,3589483.65,06-SEP-2023,757,INE850E01012,
LGBBROSLTD,EQ,1071.1,1080.45,1025.35,1032.05,1046.95,1070.65,81966,85836453.25,06-SEP-2023,7762,INE337A01034,
LGBFORGE,EQ,9.7,10.05,9.6,9.85,9.95,9.7,265711,2621504.15,06-SEP-2023,510,INE201J01017,
LGHL,SM,54,54,54,54,54,51.8,8000,432000,06-SEP-2023,1,INE258Y01016,
LIBAS,EQ,13.2,13.2,13,13.05,13.1,13,95525,1251178.6,06-SEP-2023,350,INE908V01012,
LIBERTSHOE,EQ,260.95,264,256.55,262.2,264,258.6,176046,45868216.3,06-SEP-2023,7934,INE557B01019,
LICHSGFIN,EQ,452.7,454.35,445,449.25,449.6,451.05,2871462,1292086097.2,06-SEP-2023,41509,INE115A01026,
LICI,EQ,661.85,691,661.15,678,677.5,660,5680338,3867607880.45,06-SEP-2023,86829,INE0J1Y01017,
LICMFGOLD,EQ,5356.3,5430,5356.3,5403,5403,5431.55,42,227470.65,06-SEP-2023,25,INF397L01554,
LICNETFGSC,EQ,23.78,24.29,23.78,23.96,23.99,24.03,5974,143232.7,06-SEP-2023,71,INF767K01MV5,
LICNETFN50,EQ,213.05,213.74,208.93,212.99,213.74,213.21,96,20435.36,06-SEP-2023,20,INF767K01OS7,
LICNETFSEN,EQ,714,724,712,720.63,724,720.99,1944,1396234.5,06-SEP-2023,91,INF767K01OT5,
LICNFNHGP,EQ,208.59,210.16,208.5,208.74,210.16,209.48,502,104788.76,06-SEP-2023,11,INF767K01PC8,
LIKHITHA,EQ,310.85,311.5,301,303.15,304.8,310,155734,47491941.5,06-SEP-2023,6950,INE060901027,
LINC,EQ,691.45,703,674.6,699.95,701,682.7,98617,68365159.25,06-SEP-2023,5715,INE802B01019,
LINCOLN,EQ,524.2,524.3,510.05,514.35,516.55,521.65,69815,36071167.75,06-SEP-2023,3728,INE405C01035,
LINDEINDIA,EQ,6615.05,6715,6464.05,6494.3,6498.4,6605.9,70932,464990282.05,06-SEP-2023,13906,INE473A01011,
LIQUID,EQ,1000,1000,999.99,999.99,1000,999.99,20784,20783963.05,06-SEP-2023,49,INF769K01KS1,
LIQUIDBEES,EQ,1000,1000.01,999.99,1000,999.99,1000,2070170,2070176002.46,06-SEP-2023,6896,INF732E01037,
LIQUIDETF,EQ,1000.01,1000.01,999.99,999.99,1000,999.99,285903,285902953.45,06-SEP-2023,147,INF740KA1EU7,
LLOYDS,SM,117.2,117.2,117.2,117.2,117.2,114.95,3000,351600,06-SEP-2023,1,INE0DTQ01028,
LLOYDSME,EQ,565,569.95,560.55,565.8,565,564.25,141611,80098483.25,06-SEP-2023,4288,INE281B01032,
LODHA,EQ,735.95,736.15,711.35,722,723.85,734.95,1713408,1236615642,06-SEP-2023,36956,INE670K01029,
LOKESHMACH,BE,183.95,183.95,178.9,181.2,181.4,180.85,37982,6866183.55,06-SEP-2023,367,INE397H01017,
LORDSCHLO,EQ,170.4,173.9,169,169.35,169,172.5,28641,4893904.15,06-SEP-2023,723,INE846D01012,
LOTUSEYE,BE,89.9,90,88.1,88.1,88.1,89.9,5193,462676.8,06-SEP-2023,34,INE947I01017,
LOVABLE,EQ,143.3,145.9,140.15,142.55,141,142,74891,10739988.9,06-SEP-2023,1981,INE597L01014,
LOWVOL,EQ,150.57,151.39,150.54,151.14,151.14,150.56,248,37477.55,06-SEP-2023,8,INF769K01JU9,
LOYALTEX,EQ,659.05,662.95,624.95,639.9,643,659.85,2254,1438074.45,06-SEP-2023,252,INE970D01010,
LPDC,EQ,6.75,6.85,6.55,6.7,6.75,6.7,147865,990867.65,06-SEP-2023,549,INE197J01017,
LRRPL,SM,49.6,49.6,47.35,47.35,47.35,49.6,12000,581700,06-SEP-2023,2,INE0H4B01011,
LSIL,BE,42.3,42.3,40.75,41.65,41.9,42.3,1371560,56722452.7,06-SEP-2023,5419,INE093R01011,
LT,EQ,2740,2742.8,2712,2730.45,2731.3,2732.95,1747425,4764389224.6,06-SEP-2023,100311,INE018A01030,
LTGILTBEES,EQ,25,25,24.28,24.3,24.33,24.33,268463,6523024.46,06-SEP-2023,182,INF204KB1882,
LTIM,EQ,5448.95,5480.4,5357.1,5407.25,5394.4,5426.15,388092,2104027332.1,06-SEP-2023,49382,INE214T01019,
LTTS,EQ,4650,4697,4570,4611.7,4617,4602.5,308595,1431045305.9,06-SEP-2023,29591,INE010V01017,
LUMAXIND,EQ,2280,2363.9,2277,2355.2,2359,2283.6,15017,35206403.55,06-SEP-2023,2830,INE162B01018,
LUMAXTECH,EQ,369.6,371.4,363.05,365.65,365.8,367.75,154423,56500173.45,06-SEP-2023,5647,INE872H01027,
LUPIN,EQ,1125,1143,1118.9,1139.05,1139.4,1119.25,2210022,2504861111,06-SEP-2023,57391,INE326A01037,
LUXIND,EQ,1504.65,1645,1497.75,1586.55,1584,1496.85,1687415,2712882730.3,06-SEP-2023,81866,INE150G01020,
LXCHEM,EQ,315,320.95,313,316.7,316.4,312.85,2088366,661727218.65,06-SEP-2023,34399,INE576O01020,
LYKALABS,EQ,117,118.75,115,116.65,116.5,117.35,64228,7482421.5,06-SEP-2023,1472,INE933A01014,
LYPSAGEMS,BE,5.35,5.7,5.35,5.55,5.55,5.5,20149,110013.2,06-SEP-2023,64,INE142K01011,
M&M,EQ,1577,1580.9,1558.7,1577,1572.2,1571.15,1301466,2045222551.5,06-SEP-2023,75648,INE101A01026,
M&MFIN,EQ,293.8,294.8,289.05,294.35,294,292.65,2638688,770057878.3,06-SEP-2023,27395,INE774D01024,
M&MFIN,N2,1038,1038,1034.43,1034.46,1034.43,1039,100,103446.57,06-SEP-2023,2,INE774D08MA6,
M&MFIN,N3,1879,1879,1879,1879,1879,1879,50,93950,06-SEP-2023,1,INE774D08MG3,
MAANALU,BE,82.15,82.15,82.15,82.15,82.15,78.25,32713,2687372.95,06-SEP-2023,186,INE215I01027,
MACPOWER,EQ,330,346.9,328.85,336.6,338,324.5,141467,47953545.55,06-SEP-2023,7347,INE155Z01011,
MADHAV,EQ,49.85,50.5,48.25,49.6,49.5,48.85,66660,3303575,06-SEP-2023,735,INE925C01016,
MADHAVBAUG,SM,327,332.5,320,324.9,324.9,330.4,5600,1821920,06-SEP-2023,7,INE0JR301013,
MADHUCON,BE,5.75,5.75,5.65,5.65,5.65,5.75,5712,32327,06-SEP-2023,15,INE378D01032,
MADRASFERT,EQ,76.4,84.7,76.2,82.45,83.2,76.2,7440549,607639548,06-SEP-2023,36604,INE414A01015,
MAFANG,EQ,64.64,64.99,64.45,64.7,64.65,64.64,564677,36506359.23,06-SEP-2023,11530,INF769K01HF4,
MAGADSUGAR,EQ,595.1,649.9,595,626.1,618.5,597.35,174765,109466469.25,06-SEP-2023,6557,INE347W01011,
MAGNUM,BE,41.6,41.6,39.5,40.9,41,40.8,137762,5576739,06-SEP-2023,226,INE387I01016,
MAGSON,SM,80.1,80.5,79.9,79.9,79.9,80.6,12000,961200,06-SEP-2023,6,INE0O1S01012,
MAHABANK,EQ,41.9,42,40.55,41.1,41.1,41.7,25894563,1064579282.65,06-SEP-2023,28277,INE457A01014,
MAHAPEXLTD,BE,124.5,128.45,124.5,126.05,126,125.7,9116,1157787.65,06-SEP-2023,50,INE843B01013,
MAHASTEEL,BE,69.8,70.85,69.05,70.2,70.45,70.65,6169,430233.85,06-SEP-2023,82,INE451L01014,
MAHEPC,EQ,127.6,127.75,124.2,125.2,125.45,125.7,26328,3314603.05,06-SEP-2023,925,INE215D01010,
MAHESHWARI,BE,72.55,72.85,71.5,71.5,71.5,72.15,6964,503090.05,06-SEP-2023,74,INE263W01010,
MAHICKRA,SM,81,81,81,81,81,80.05,1500,121500,06-SEP-2023,1,INE961Y01015,
MAHKTECH,EQ,14.9,14.94,14.66,14.89,14.87,14.94,507472,7521279.52,06-SEP-2023,1223,INF769K01HS7,
MAHLIFE,EQ,565,568.85,551.5,554.6,553,563.7,226536,126640275.1,06-SEP-2023,12104,INE813A01018,
MAHLOG,EQ,406.8,412.9,405.05,407.55,407.25,407.35,131926,53926561.35,06-SEP-2023,9270,INE766P01016,
MAHSCOOTER,EQ,7651.5,7790,7450.1,7541.6,7533.95,7751.3,12224,92740224,06-SEP-2023,3507,INE288A01013,
MAHSEAMLES,EQ,550,569.5,545,564.5,561,550.15,402942,226158238.7,06-SEP-2023,18125,INE271B01025,
MAITHANALL,EQ,1126.95,1151.1,1111,1124.95,1120.15,1124.1,34934,39396895.35,06-SEP-2023,4700,INE683C01011,
MAKEINDIA,EQ,103.25,103.25,99.9,100.14,100.14,100.26,9171,918509.12,06-SEP-2023,208,INF769K01IB1,
MAKS,SM,52.75,52.75,52.75,52.75,52.75,50.25,12000,633000,06-SEP-2023,2,INE0CDK01019,
MALLCOM,EQ,1174,1208.45,1128,1131,1130,1161.25,23445,27109802.6,06-SEP-2023,3630,INE389C01015,
MALUPAPER,EQ,35.95,41.85,35.35,40.95,41.2,35.35,1525224,59989159.55,06-SEP-2023,6773,INE383H01017,
MANAKALUCO,EQ,27.1,27.45,26.2,26.45,26.8,26.95,141431,3794333.4,06-SEP-2023,1451,INE859Q01017,
MANAKCOAT,EQ,24.4,24.9,22.45,23.25,23.25,23.5,553739,13303400.1,06-SEP-2023,2630,INE830Q01018,
MANAKSIA,EQ,153.8,154.3,149.05,149.8,150,152.75,312300,47398417.4,06-SEP-2023,4954,INE015D01022,
MANAKSTEEL,EQ,50.5,51.3,49.5,49.8,49.9,50.25,159703,8036582,06-SEP-2023,1567,INE824Q01011,
MANALIPETC,EQ,68.55,68.9,67.05,67.85,67.9,68.25,577343,39103935.2,06-SEP-2023,6586,INE201A01024,
MANAPPURAM,EQ,150.5,151.3,146,146.95,146.4,150.75,7110887,1052740174.75,06-SEP-2023,33027,INE522D01027,
MANAV,SM,18.9,18.9,18.9,18.9,18.9,19.3,4000,75600,06-SEP-2023,1,INE104Y01012,
MANGALAM,EQ,105.5,106.7,105,105.35,106,105.55,44969,4762972.4,06-SEP-2023,886,INE584F01014,
MANGCHEFER,EQ,109.8,111.4,108.5,109.4,109.4,109.05,526429,57739377.9,06-SEP-2023,5047,INE558B01017,
MANGLMCEM,EQ,369.95,373.8,365.2,368.3,366.05,368.45,134978,49963200.45,06-SEP-2023,6979,INE347A01017,
MANINDS,EQ,170.5,176.45,167.75,173.6,173.65,169.8,988159,170173783.75,06-SEP-2023,16926,INE993A01026,
MANINFRA,EQ,156.95,157.8,153.1,154.9,155,154.9,1975348,307786284.55,06-SEP-2023,19649,INE949H01023,
MANKIND,EQ,1760,1803.3,1760,1795,1785,1772.15,271959,486364798.3,06-SEP-2023,13859,INE634S01028,
MANOMAY,EQ,137.95,139.9,132.45,137.05,136.05,136.25,8099,1103566.15,06-SEP-2023,811,INE784W01015,
MANORAMA,EQ,1999,1999,1889,1889,1889,1988.4,11803,22613722.9,06-SEP-2023,1090,INE00VM01010,
MANORG,EQ,408.25,408.25,393.25,396.75,396.8,404.2,9775,3906238.3,06-SEP-2023,1414,INE370D01013,
MANUGRAPH,BE,23.6,25.55,23.2,24.5,24.5,24.4,67492,1641862,06-SEP-2023,166,INE867A01022,
MANYAVAR,EQ,1300,1309,1286.2,1289.5,1289.95,1297.7,65712,84955299.75,06-SEP-2023,10713,INE825V01034,
MAPMYINDIA,EQ,1775,1778.7,1740,1758.85,1769,1767.65,60858,106889595.9,06-SEP-2023,10569,INE0BV301023,
MARALOVER,EQ,62.3,63.5,59.9,60.55,60.95,61.9,100815,6188476,06-SEP-2023,1585,INE882A01013,
MARATHON,EQ,391.15,391.15,380,381.55,380.1,389.15,41826,16033390.7,06-SEP-2023,3554,INE182D01020,
MARICO,EQ,577.6,590.1,575.8,588.25,587.1,577.65,1815156,1060391578.85,06-SEP-2023,54719,INE196A01026,
MARINE,BE,64.7,65.3,61.5,63.85,63.95,64.7,271922,17205518.5,06-SEP-2023,1476,INE01JE01028,
MARKSANS,EQ,108.5,109.65,107.2,108.1,107.9,107.95,1561031,169225474.7,06-SEP-2023,11675,INE750C01026,
MARSHALL,BE,54.95,54.95,53,53.95,54,54.5,19081,1025130.2,06-SEP-2023,109,INE00SZ01018,
MARUTI,EQ,10260,10260,10130.15,10178.85,10225,10262.1,663758,6752622890.15,06-SEP-2023,64328,INE585B01010,
MASFIN,EQ,890,909.9,870.35,878.9,886.4,873.55,270729,240205714.15,06-SEP-2023,18511,INE348L01012,
MASKINVEST,BE,60.3,60.5,60.3,60.5,60.5,60.5,21,1268.5,06-SEP-2023,4,INE885F01015,
MASPTOP50,EQ,33.33,33.33,32.86,33.04,32.92,33.33,271873,8991635.24,06-SEP-2023,3943,INF769K01HP3,
MASTEK,EQ,2430.75,2491,2424.2,2479.05,2482,2430.7,95979,236701186.15,06-SEP-2023,12500,INE759A01021,
MATRIMONY,EQ,633.9,649.5,631.1,639.95,649.5,630.7,17848,11406528.25,06-SEP-2023,1317,INE866R01028,
MAWANASUG,EQ,104.95,113.7,103.55,109.5,109.25,102.5,2529762,279169936.9,06-SEP-2023,27453,INE636A01039,
MAXHEALTH,EQ,593.45,595,580.5,588.6,590,594.45,1165805,686149050.5,06-SEP-2023,44954,INE027H01010,
MAXIND,EQ,155.45,162.95,153.1,161.3,162.5,153.15,850494,133466342.3,06-SEP-2023,8789,INE0CG601016,
MAYURUNIQ,EQ,563,572.95,549.25,562,563,550.8,126817,71454212.3,06-SEP-2023,8091,INE040D01038,
MAZDA,BE,1013.25,1025,1001,1019.65,1022.1,1013.25,2395,2433068.4,06-SEP-2023,129,INE885E01034,
MAZDOCK,EQ,1920,1923.7,1886.1,1906,1905,1912.35,533168,1017240133.65,06-SEP-2023,25586,INE249Z01012,
MBAPL,EQ,644.7,646.45,628.1,632.6,634.9,635.6,15170,9695600.7,06-SEP-2023,877,INE900L01010,
MBLINFRA,BE,27.25,27.25,27.25,27.25,27.25,26.75,56056,1527526,06-SEP-2023,79,INE912H01013,
MCDOWELL-N,EQ,1032,1068.95,1020.5,1058.7,1057.75,1031.65,2101361,2206249455.55,06-SEP-2023,61446,INE854D01024,
MCL,BE,29.9,30.15,29.55,29.95,30.15,29.8,5504,164512.5,06-SEP-2023,89,INE813V01022,
MCLEODRUSS,EQ,22.8,23,22.25,22.5,22.65,23,521014,11704557.05,06-SEP-2023,1302,INE942G01012,
MCON,SM,157,157,154.15,155.7,155.7,162.25,18000,2788350,06-SEP-2023,6,INE0O4M01019,
MCX,EQ,1800,1809,1773.05,1794.7,1792.2,1796,209542,375902690.15,06-SEP-2023,17953,INE745G01035,
MDL,SM,38.5,41.9,38.5,41.7,41.7,39.95,42000,1748900,06-SEP-2023,20,INE575Z01010,
MEDANTA,EQ,700.85,708.4,692,697.7,699.05,696.35,328078,229532691.3,06-SEP-2023,28146,INE474Q01031,
MEDICAMEQ,EQ,715,716.05,695.75,700.65,700,700.85,10000,7043979.85,06-SEP-2023,1673,INE646B01010,
MEDICO,EQ,75.9,78,74.7,75.15,75.5,77.4,500664,38199213.95,06-SEP-2023,1246,INE630Y01024,
MEDPLUS,EQ,834.9,834.9,815.05,819.05,818.5,826.7,146996,120715533.8,06-SEP-2023,7449,INE804L01022,
MEGAFLEX,SM,50.25,50.35,50,50.35,50.35,50,9000,451800,06-SEP-2023,3,INE0G1D01014,
MEGASOFT,BE,45.65,47.1,45.65,47.1,47.1,44.9,197803,9274206.9,06-SEP-2023,317,INE933B01012,
MEGASTAR,BE,291.5,302.8,291.5,293.4,297.35,298.25,2926,866233.9,06-SEP-2023,135,INE00EM01016,
MELSTAR,BZ,2.15,2.15,2.1,2.15,2.15,2.1,6258,13349.2,06-SEP-2023,15,INE817A01019,
MENONBE,EQ,157.45,157.45,151.05,151.55,151.5,156.75,152730,23392896.6,06-SEP-2023,3899,INE071D01033,
MEP,EQ,12.7,13.15,12.55,12.85,12.85,12.55,1110784,14333022.5,06-SEP-2023,1672,INE776I01010,
METALFORGE,BZ,3.5,3.5,3.3,3.35,3.3,3.45,5585,18866.65,06-SEP-2023,24,INE425A01011,
METROBRAND,EQ,1047.3,1079,1038.5,1074.65,1074,1047.3,91271,97543999.9,06-SEP-2023,10014,INE317I01021,
METROPOLIS,EQ,1409,1422.4,1390.05,1413.65,1415,1396.9,187152,263965636.45,06-SEP-2023,11946,INE112L01020,
MFL,EQ,1030.95,1045,1023,1039.95,1033,1026.6,77240,79946483.55,06-SEP-2023,6861,INE071N01016,
MFSL,EQ,924,937.15,897.05,932.45,928.5,920.35,279465,259991376,06-SEP-2023,9811,INE180A01020,
MGEL,BE,16.7,16.7,16.7,16.7,16.7,17.05,20172,336872.4,06-SEP-2023,83,INE0APB01024,
MGL,EQ,1038,1077.9,1038,1073.8,1072,1032.55,1367889,1456888707.15,06-SEP-2023,48943,INE002S01010,
MHHL,SM,88.65,88.65,81,83.95,84,89.05,78000,6531450,06-SEP-2023,26,INE450S01011,
MHLXMIRU,BE,180,180.6,175,180.5,180.5,172,37546,6732708.25,06-SEP-2023,160,INE112D01035,
MHRIL,EQ,408,411,398.2,406.6,402.7,405.75,821744,329954216,06-SEP-2023,9472,INE998I01010,
MICEL,BE,30.4,30.4,30.4,30.4,30.4,29.85,46971,1427918.4,06-SEP-2023,89,INE287C01037,
MID150BEES,EQ,159.35,159.35,150.05,154.52,154.6,154.71,920231,141898978.12,06-SEP-2023,3355,INF204KB1V68,
MIDCAPETF,EQ,15.42,15.91,15.16,15.21,15.23,15.22,234032,3560930.54,06-SEP-2023,1081,INF769K01IC9,
MIDHANI,EQ,421,424.35,402.9,407.15,406.8,420.2,1101678,451268752.75,06-SEP-2023,21786,INE099Z01011,
MILTON,SM,26.95,26.95,26.95,26.95,26.95,25.95,4400,118580,06-SEP-2023,1,INE376Y01016,
MINDACORP,EQ,345.95,349.15,334.35,341.35,340.55,343.85,513298,175588136.8,06-SEP-2023,12316,INE842C01021,
MINDSPACE,RR,320,320.45,316.34,318.79,318.45,318.81,429911,137096217.24,06-SEP-2023,18638,INE0CCU25019,
MINDTECK,BE,145.4,145.4,135.95,135.95,135.95,143.1,39566,5456344.55,06-SEP-2023,396,INE110B01017,
MIRCELECTR,BE,23.4,23.4,23.4,23.4,23.4,22.95,195161,4566767.4,06-SEP-2023,233,INE831A01028,
MIRZAINT,EQ,46.4,46.95,45.75,46.1,46.3,45.8,390883,18064358.6,06-SEP-2023,2561,INE771A01026,
MITCON,EQ,80.95,80.95,78.85,79.15,79,80.2,25067,1993560.1,06-SEP-2023,452,INE828O01033,
MITTAL,BE,17.15,17.5,17.1,17.35,17.35,17.15,60478,1051437.2,06-SEP-2023,174,INE997Y01019,
MKPL,EQ,804.5,804.5,771.3,780.8,771.3,794.5,66261,52406596.1,06-SEP-2023,1826,INE964W01013,
MMFL,EQ,975,976.5,953,959.7,960,962.05,17956,17237087.25,06-SEP-2023,2417,INE227C01017,
MMP,BE,250,250.1,240.1,250.1,250.1,238.2,162482,40544909.65,06-SEP-2023,758,INE511Y01018,
MMTC,EQ,66.45,69.3,63.85,67.5,67,63,72034683,4835223597.85,06-SEP-2023,199180,INE123F01029,
MODIRUBBER,BE,71.9,71.9,69.5,69.5,69.5,69.75,373,26134.7,06-SEP-2023,11,INE832A01018,
MODISONLTD,BE,84,84.5,80.1,81.05,81.7,80.7,24221,1985404.35,06-SEP-2023,146,INE737D01021,
MOGSEC,EQ,52.67,52.68,52.61,52.63,52.63,52.65,63922,3364297.31,06-SEP-2023,22,INF247L01AK4,
MOHEALTH,EQ,28.72,28.91,28.2,28.68,28.75,28.43,14416,412997.55,06-SEP-2023,122,INF247L01BB1,
MOHITIND,EQ,16.3,17.95,16.1,16.3,16.1,15.85,180301,3042902.65,06-SEP-2023,1052,INE954E01012,
MOIL,EQ,241.9,245.6,236.05,238.1,237.6,241.85,661901,159133575.4,06-SEP-2023,11827,INE490G01020,
MOKSH,EQ,13.2,13.45,13.15,13.3,13.3,12.95,284521,3796561.45,06-SEP-2023,597,INE514Y01020,
MOL,EQ,88.95,90.55,87.65,88.55,88.65,88.4,1606503,143111603,06-SEP-2023,10468,INE0CT101020,
MOLDTECH,EQ,379.9,388.65,378,379.15,378,382.65,72759,27783272.05,06-SEP-2023,5709,INE835B01035,
MOLDTKPAC,EQ,957.7,958.75,943.9,953.65,954.55,949.1,50785,48217488.75,06-SEP-2023,5294,INE893J01029,
MOLOWVOL,EQ,28.5,28.74,28.5,28.6,28.6,28.44,698,19943.46,06-SEP-2023,36,INF247L01BL0,
MOM100,EQ,43.5,43.5,42.65,42.93,42.99,42.9,150067,6433819.75,06-SEP-2023,1858,INF247L01023,
MOM50,EQ,199.45,199.45,197.15,198.52,197.8,198.33,1405,278976.87,06-SEP-2023,66,INF247L01536,
MOMENTUM,EQ,22.75,22.8,22.59,22.7,22.69,22.67,9024,204926.68,06-SEP-2023,62,INF209KB14K7,
MOMOMENTUM,EQ,45.98,45.98,45.21,45.39,45.27,45.32,20488,930323.48,06-SEP-2023,188,INF247L01BK2,
MON100,EQ,124.89,124.99,124.14,124.43,124.4,124.53,200913,25046826.52,06-SEP-2023,3595,INF247L01AP3,
MONARCH,EQ,345.7,345.8,336.25,338.85,339,346.8,72044,24695586.55,06-SEP-2023,2014,INE903D01011,
MONQ50,EQ,53.46,53.5,53.11,53.25,53.3,53.46,21656,1153144.6,06-SEP-2023,324,INF247L01AU3,
MONTECARLO,EQ,749.95,756.95,738.1,743,744.5,748,37734,28201913.7,06-SEP-2023,4453,INE950M01013,
MOQUALITY,EQ,137,137.95,136,136,136,136.79,4560,626398.45,06-SEP-2023,58,INF247L01BH8,
MORARJEE,EQ,20.75,20.75,19.65,20.05,20.35,20.35,124187,2503034,06-SEP-2023,700,INE161G01027,
MOREPENLAB,EQ,40.2,41.8,39.5,39.8,39.6,39.95,11117286,452073090.65,06-SEP-2023,18544,INE083A01026,
MOS,SM,110.9,110.9,107,107.35,107,110.35,80000,8648960,06-SEP-2023,49,INE0N7S01010,
MOTHERSON,EQ,100.45,100.75,98.8,99.1,99.2,99.95,6968760,693354937.1,06-SEP-2023,37551,INE775A01035,
MOTILALOFS,EQ,898.8,908,894,903,904,894.3,148892,134301103.9,06-SEP-2023,5333,INE338I01027,
MOTOGENFIN,BE,38.7,39,37.5,37.8,37.8,38.2,6351,242989.1,06-SEP-2023,59,INE861B01023,
MOVALUE,EQ,62.75,62.76,61.38,61.75,62.76,62.09,6127,377668.04,06-SEP-2023,82,INF247L01BE5,
MOXSH,SM,132.9,138,129.35,130.5,130.5,132.25,13600,1832480,06-SEP-2023,11,INE0N6D01014,
MPHASIS,EQ,2521.9,2534.55,2451.85,2475.75,2475,2521.9,381201,944927475.3,06-SEP-2023,33062,INE356A01018,
MPSLTD,EQ,1511,1533.2,1495,1502.1,1507,1520.4,7920,11943867.3,06-SEP-2023,1026,INE943D01017,
MPTODAY,SM,43.95,43.95,43.95,43.95,43.95,46.25,4000,175800,06-SEP-2023,2,INE105Y01019,
MRF,EQ,108250.5,109537.95,107500,109395.75,109424.8,108520,8365,906037523,06-SEP-2023,4038,INE883A01011,
MRO-TEK,EQ,62.5,62.55,60.5,61.1,60.75,61.55,10197,626381,06-SEP-2023,365,INE398B01018,
MRPL,EQ,97.65,97.7,94.35,95.65,95.5,97.05,4699576,449531600.7,06-SEP-2023,19026,INE103A01014,
MSPL,BE,12,12.2,12,12.2,12.2,12,1152951,14040091.2,06-SEP-2023,230,INE752G01015,
MSTCLTD,EQ,421.9,425.5,412.5,415.65,415.5,420.7,322094,134422550.55,06-SEP-2023,10092,INE255X01014,
MSUMI,EQ,66.7,66.75,64.5,65.45,65.5,65.45,3898291,254637664.5,06-SEP-2023,34709,INE0FS801015,
MTARTECH,EQ,2753.9,2824.5,2725,2744.8,2743.9,2746.2,739406,2042618044.7,06-SEP-2023,53601,INE864I01014,
MTEDUCARE,BE,4.95,4.95,4.95,4.95,4.95,4.75,28699,142060.05,06-SEP-2023,43,INE472M01018,
MTNL,EQ,24.45,26.75,23.7,26.15,26,24.3,12835988,328637248.05,06-SEP-2023,15074,INE153A01019,
MUKANDLTD,EQ,189.9,191.4,185,185.9,185,189.05,258669,48501770.3,06-SEP-2023,6961,INE304A01026,
MUKTAARTS,EQ,66.2,66.2,61.3,62.05,62.6,65.25,113202,7128304.25,06-SEP-2023,2428,INE374B01019,
MUNJALAU,EQ,59.5,61.4,59.35,60.5,60.9,58.95,498720,30145033.05,06-SEP-2023,3785,INE672B01032,
MUNJALSHOW,EQ,146.65,155.5,145.95,148.9,149,143.9,1252029,189584460.25,06-SEP-2023,13703,INE577A01027,
MURUDCERA,BE,41.6,42.4,40.8,42,42.2,41.65,23553,981871.6,06-SEP-2023,195,INE692B01014,
MUTHOOTCAP,EQ,405.6,409.9,398.15,406.8,409.1,405.6,67554,27251611.9,06-SEP-2023,3199,INE296G01013,
MUTHOOTFIN,EQ,1280,1292.8,1268.4,1277.5,1285,1283,173969,222553725.3,06-SEP-2023,9892,INE414G01012,
MWL,SM,122,122.25,115,115.5,115.5,122,6000,716100,06-SEP-2023,5,INE0JYY01011,
NABARD,N2,1160,1162,1160,1162,1162,1163,170,197450,06-SEP-2023,4,INE261F07032,
NACLIND,EQ,80.95,82.4,80.95,81.8,81.85,80.45,121453,9916807,06-SEP-2023,1422,INE295D01020,
NAGAFERT,EQ,9.15,9.55,9.15,9.4,9.4,9.1,5613152,53122203.65,06-SEP-2023,3445,INE454M01024,
NAGREEKCAP,BE,16,17.5,15.95,17.1,17.1,16.7,7422,126533.05,06-SEP-2023,39,INE245I01016,
NAGREEKEXP,BE,42.7,44,42.55,43.7,43.8,42.65,2644,115176.8,06-SEP-2023,32,INE123B01028,
NAHARCAP,EQ,294.9,296,286.95,291.75,291.15,290.4,10511,3072362.1,06-SEP-2023,866,INE049I01012,
NAHARINDUS,EQ,121.25,129.9,121.2,129.5,129.6,122.95,353965,45374320.5,06-SEP-2023,4186,INE289A01011,
NAHARPOLY,EQ,256,256,248.05,250.55,250.1,252.95,21650,5449181.75,06-SEP-2023,2780,INE308A01027,
NAHARSPING,EQ,278.35,287,274.35,278.6,277.1,276.2,51523,14432643.05,06-SEP-2023,4182,INE290A01027,
NAM-INDIA,EQ,325.15,330,324.1,326.7,326.6,322.5,778550,254664172.4,06-SEP-2023,13031,INE298J01013,
NARMADA,EQ,19.95,22,19.8,20.2,20.3,19.95,348822,7310346.05,06-SEP-2023,1907,INE117Z01011,
NATCOPHARM,EQ,909.1,918.5,891,895.35,896.65,900.2,518352,468249361.65,06-SEP-2023,30307,INE987B01026,
NATHBIOGEN,EQ,210.35,213.65,207.25,211.05,211,208.25,72809,15294387.5,06-SEP-2023,3800,INE448G01010,
NATIONALUM,EQ,102.4,103.55,99.5,101.1,101.3,102.45,8427457,850788109.3,06-SEP-2023,28407,INE139A01034,
NAUKRI,EQ,4477.35,4520,4452.65,4492.75,4480.05,4477.4,183516,823786136.25,06-SEP-2023,22398,INE663F01024,
NAVA,EQ,419.8,421.8,412,414.55,414.75,418.15,210146,87593873.7,06-SEP-2023,6005,INE725A01022,
NAVIFIN,N1,995,996.1,994,995.48,996.1,996,317,315400.22,06-SEP-2023,10,INE342T07189,
NAVIFIN,N3,990,990,990,990,990,985,5,4950,06-SEP-2023,1,INE342T07205,
NAVIFIN,N7,1000,1001,998,999.43,999.43,999.14,1486,1483392.01,06-SEP-2023,17,INE342T07387,
NAVINFLUOR,EQ,4630,4724.2,4552.1,4686.1,4676,4605.35,250304,1166878028.35,06-SEP-2023,23937,INE048G01026,
NAVKARCORP,EQ,63,64.2,61.9,62.4,62.75,62.35,1723599,108661574.9,06-SEP-2023,6917,INE278M01019,
NAVNETEDUL,EQ,159.5,161.05,156.65,157.45,157.4,159.35,247688,39285042.85,06-SEP-2023,3641,INE060A01024,
NAZARA,EQ,910,929.05,875.05,884,882,895.3,2231386,2001537597.35,06-SEP-2023,61289,INE418L01021,
NBCC,EQ,61.65,63.6,59,59.8,59.35,59.65,84480065,5201946183.65,06-SEP-2023,141919,INE095N01031,
NBIFIN,EQ,1738.05,1752.45,1730,1732.55,1750.95,1736.4,322,559408.5,06-SEP-2023,60,INE365I01020,
NCC,EQ,170.4,170.4,161.05,162.15,162.55,170.05,6195718,1021011120.1,06-SEP-2023,35519,INE868B01028,
NCLIND,EQ,239.35,239.4,232.3,234.05,234.6,237.95,163215,38385577.4,06-SEP-2023,6262,INE732C01016,
NDGL,EQ,1919,1925,1869.5,1897.35,1890,1841.8,1363,2581310.55,06-SEP-2023,244,INE756C01015,
NDL,EQ,25.1,25.1,23.3,23.5,23.65,24.9,390064,9305090.75,06-SEP-2023,1984,INE875G01030,
NDLVENTURE,BE,135.95,135.95,133.5,133.5,133.5,135.95,1131,152653.45,06-SEP-2023,17,INE353A01023,
NDRAUTO,BE,527.9,527.9,521.4,521.4,521.4,532,1688,881871.7,06-SEP-2023,168,INE07OG01012,
NDTV,EQ,214.5,217,213.5,214.45,214,214.45,190004,40821031.15,06-SEP-2023,2862,INE155G01029,
NECCLTD,EQ,21.7,21.7,21.2,21.45,21.45,21.3,81737,1753930.1,06-SEP-2023,466,INE553C01016,
NECCLTDPP,E1,9.2,9.8,8.95,9,9.05,9,10112,91892,06-SEP-2023,88,IN9553C01014,
NECLIFE,EQ,27.85,28.8,27.25,27.4,27.7,27.95,1075079,30212504.9,06-SEP-2023,2833,INE023H01027,
NELCAST,EQ,138.6,142.4,135.75,139.25,139.5,137.25,446261,62119126.6,06-SEP-2023,6338,INE189I01024,
NELCO,EQ,818.05,828.35,812,817.95,817,817.15,67772,55423074.15,06-SEP-2023,4603,INE045B01015,
NEOGEN,EQ,1735,1747.1,1714,1716.1,1714,1714.9,33861,58514098.1,06-SEP-2023,4912,INE136S01016,
NESCO,EQ,732,740,716,720.55,719.55,724.5,110369,80106913.95,06-SEP-2023,7595,INE317F01035,
NESTLEIND,EQ,21954.45,22100,21774.6,22004.1,21993.8,21954.45,56292,1237423498.1,06-SEP-2023,18308,INE239A01016,
NETF,EQ,209.88,209.88,205,206.74,207,206.22,1587,328040.26,06-SEP-2023,140,INF277K015R5,
NETWEB,EQ,849,866.15,843,846.8,846,845.2,123145,104940212.35,06-SEP-2023,6363,INE0NT901020,
NETWORK18,EQ,74.6,74.95,71.8,72.15,72,74.45,2008479,146420884.25,06-SEP-2023,7893,INE870H01013,
NEULANDLAB,EQ,3745,3759,3683.75,3736.5,3716,3734.8,27472,102793612.15,06-SEP-2023,3814,INE794A01010,
NEWGEN,EQ,854.5,910,851,891.35,886,859.7,264601,234569830.75,06-SEP-2023,21271,INE619B01017,
NEXT50,EQ,458.01,461,458.01,459.98,459.58,457.41,216,99283.15,06-SEP-2023,21,INF769K01FN2,
NEXTMEDIA,EQ,5,5.1,4.9,5.1,5.1,4.9,38032,192972.65,06-SEP-2023,341,INE747B01016,
NFL,EQ,69.9,74,69.8,72.9,72.95,69.5,20697264,1506242648.55,06-SEP-2023,51584,INE870D01012,
NGIL,BE,47.4,47.4,44.2,44.9,45.3,45.95,7314,330384.35,06-SEP-2023,105,INE236Y01012,
NGLFINE,EQ,2122,2122,2075,2084.65,2100,2088.35,7057,14798511.05,06-SEP-2023,1805,INE887E01022,
NH,EQ,1022.5,1028.7,1006.8,1012.95,1014.4,1022.4,171712,174515612.4,06-SEP-2023,15584,INE410P01011,
NHAI,N2,1170,1170,1167,1167,1167,1167,7434,8675484,06-SEP-2023,5,INE906B07CB9,
NHAI,N4,1047,1047,1047,1047,1047,1057,5,5235,06-SEP-2023,1,INE906B07DD3,
NHAI,N5,1180,1180,1180,1180,1180,1188,10,11800,06-SEP-2023,1,INE906B07DE1,
NHAI,N6,1197,1197,1197,1197,1197,1196,11,13167,06-SEP-2023,3,INE906B07DF8,
NHAI,N8,1066,1076.99,1066,1075.01,1076.99,1066,133,142886.99,06-SEP-2023,3,INE906B07EH2,
NHAI,N9,1158,1158,1158,1158,1158,1158,10,11580,06-SEP-2023,1,INE906B07EI0,
NHAI,NA,1155.1,1157.5,1154.6,1155.18,1155.01,1154,26058,30097586.36,06-SEP-2023,57,INE906B07EJ8,
NHAI,ND,1182,1194,1182,1182,1194,1181,7226,8541144,06-SEP-2023,2,INE906B07EO8,
NHAI,NE,1203,1203,1203,1203,1203,1203.19,500,601500,06-SEP-2023,3,INE906B07EP5,
NHBTF2014,N3,6820,6820.1,6820,6820.1,6820.1,6700,9,61380.4,06-SEP-2023,2,INE557F07108,
NHBTF2014,N6,6854.9,6854.9,6842,6842,6842,6840,13,89010.5,06-SEP-2023,2,INE557F07132,
NHBTF2023,N3,5500,5500,5500,5500,5500,5920,470,2585000,06-SEP-2023,1,INE557F07157,
NHIT,N1,311,312.05,310.06,312.05,312.05,311.31,57,17754.43,06-SEP-2023,6,INE0H7R07017,
NHIT,N2,312,313,312,312.25,312.25,312.16,260,81262.25,06-SEP-2023,7,INE0H7R07025,
NHIT,N3,420,420,418.16,418.16,418.16,420.04,30,12563.2,06-SEP-2023,3,INE0H7R07033,
NHPC,EQ,53.25,53.6,52.15,53.3,53.25,52.7,35282390,1870227860.6,06-SEP-2023,51684,INE848E01016,
NHPC,N1,1025,1025,1025,1025,1025,1106.99,1,1025,06-SEP-2023,1,INE848E07518,
NHPC,N6,1308,1308,1308,1308,1308,1308,175,228900,06-SEP-2023,1,INE848E07567,
NIACL,EQ,136,136.95,133.05,134.7,134.45,134.1,1069803,144270147.4,06-SEP-2023,10361,INE470Y01017,
NIBL,BE,27.55,28.1,27.55,28.1,28.1,27.55,44435,1234365.85,06-SEP-2023,58,INE047O01014,
NIDAN,SM,37.5,38,37.5,37.85,37.95,37.35,21000,793150,06-SEP-2023,21,INE0J6L01013,
NIDO,N5,975,975,975,975,975,990,40,39000,06-SEP-2023,1,INE530L07210,
NIDO,N6,971,971,963.1,963.1,963.1,965,279,269226.26,06-SEP-2023,22,INE530L07228,
NIDO,N7,1825,1825,1800,1800,1800,1825,28,50750,06-SEP-2023,2,INE530L07236,
NIF100BEES,EQ,205.49,205.49,202.02,203.98,204.49,203.8,7751,1579955.31,06-SEP-2023,207,INF204K014N5,
NIFMID150,EQ,152.98,152.98,149.05,149.85,149.05,150.99,2268,342298.28,06-SEP-2023,47,INF789F1AYX9,
NIFTYBEES,EQ,217.17,217.17,215.08,216.22,216.4,215.84,2516081,542995171.82,06-SEP-2023,25992,INF204KB14I2,
NIFTYETF,EQ,206.4,206.99,205.16,206.94,206.92,205.84,39525,8174457.99,06-SEP-2023,310,INF769K01EG9,
NIFTYQLITY,EQ,16.35,16.5,16.11,16.43,16.5,16.35,65494,1074255.93,06-SEP-2023,401,INF209KB15K4,
NIITLTD,EQ,83.75,83.9,82.3,82.75,83.2,83.25,260541,21682576.25,06-SEP-2023,3070,INE161A01038,
NIITMTS,EQ,409,413.5,402,410.55,409,405.25,233289,94859293.1,06-SEP-2023,12029,INE342G01023,
NILAINFRA,EQ,6.5,6.7,6.35,6.7,6.7,5.6,15014835,99756259.3,06-SEP-2023,6618,INE937C01029,
NILASPACES,BE,3.3,3.4,3.2,3.4,3.4,3.25,562280,1873481.4,06-SEP-2023,751,INE00S901012,
NILKAMAL,EQ,2430,2452.45,2400,2413.6,2424,2421.25,1904,4617936.8,06-SEP-2023,519,INE310A01015,
NINSYS,BE,345,356,345,349.2,350.95,350.9,1842,641359.05,06-SEP-2023,259,INE395U01014,
NIPPOBATRY,BE,437,437.95,423.5,433.35,435,435.5,5209,2252360.7,06-SEP-2023,157,INE567A01028,
NIRAJ,BE,37,37.3,35.65,36.75,37,37.3,21574,793101,06-SEP-2023,176,INE368I01016,
NIRMAN,SM,168,168,162.1,166.95,167,163.85,28800,4783620,06-SEP-2023,23,INE0OK701014,
NITCO,EQ,20.55,20.6,19.55,19.95,19.9,20.35,558835,11247045.2,06-SEP-2023,2140,INE858F01012,
NITINSPIN,EQ,315,315.05,300.3,303.25,304.9,315,222170,67696716.75,06-SEP-2023,9962,INE229H01012,
NITIRAJ,BE,103.5,111,103.5,107.95,107.95,108.95,7539,800477.3,06-SEP-2023,55,INE439T01012,
NKIND,EQ,40,41.5,39.6,40.15,41.5,39.5,2320,92898.3,06-SEP-2023,46,INE542C01019,
NLCINDIA,EQ,145.95,147.6,138.55,139.75,139.55,144.15,2373798,338071828.45,06-SEP-2023,22183,INE589A01014,
NMDC,EQ,143.2,143.9,138.95,142.1,142.05,143.3,17576444,2482658390.4,06-SEP-2023,61613,INE584A01023,
NOCIL,EQ,243,244,236.15,238.35,238.3,240.5,3358434,807040427.25,06-SEP-2023,33430,INE163A01018,
NOIDATOLL,EQ,6.95,7.1,6.95,7,7.05,6.95,144557,1012662.5,06-SEP-2023,295,INE781B01015,
NORBTEAEXP,BE,7.8,7.8,7.55,7.8,7.8,7.65,1436,11075.4,06-SEP-2023,24,INE369C01017,
NOVARTIND,EQ,725,737.9,722,733.05,733,722,17119,12544740.5,06-SEP-2023,2349,INE234A01025,
NPBET,EQ,237,237.5,235.51,236.28,236.31,237.5,643,151979.34,06-SEP-2023,31,INF277K010X4,
NPST,SM,1394.95,1394.95,1350.05,1360.6,1360,1355,3200,4383200,06-SEP-2023,8,INE0FFK01017,
NRAIL,EQ,352,373,351.25,368.35,368.45,352.05,124230,45217881.65,06-SEP-2023,8658,INE740D01017,
NRBBEARING,EQ,286,286,267.35,269.75,269.15,272.95,3915667,1068280934.15,06-SEP-2023,32598,INE349A01021,
NRL,EQ,98.1,100,98,98.25,99.5,98.1,19802,1955821.9,06-SEP-2023,332,INE0JM501013,
NSIL,EQ,2581,2582.95,2552,2557.65,2552.5,2556,2493,6387178.05,06-SEP-2023,585,INE023A01030,
NSLNISP,EQ,58,58.25,56.6,57.25,57.35,57.75,7584314,435461533.4,06-SEP-2023,26676,INE0NNS01018,
NTPC,EQ,235.5,235.85,228.4,231.9,231.5,234.6,14623019,3378228543.8,06-SEP-2023,131178,INE733E01010,
NTPC,N2,1250,1250,1250,1250,1250,1250,1,1250,06-SEP-2023,1,INE733E07JF7,
NTPC,N4,1070,1070,1070,1070,1070,1069,200,214000,06-SEP-2023,2,INE733E07JH3,
NTPC,N6,1336,1336,1335,1335.09,1335,1336,21,28037,06-SEP-2023,3,INE733E07JJ9,
NTPC,N7,10.44,10.47,10.43,10.45,10.46,10.44,23272,243203.76,06-SEP-2023,92,INE733E07JP6,
NTPC,NB,1085,1085,1085,1085,1085,1082.41,2,2170,06-SEP-2023,2,INE733E07JU6,
NUCLEUS,EQ,1055,1120,1048.3,1100.4,1098,1048.2,251198,273696783.35,06-SEP-2023,12760,INE096B01018,
NURECA,BE,330.5,342.15,325,342.15,342.15,325.9,22095,7487985.5,06-SEP-2023,777,INE0DSF01015,
NUVOCO,EQ,376.45,382,367.75,370.9,371,373.85,343559,128653241.85,06-SEP-2023,12463,INE118D01016,
NV20BEES,EQ,116.52,116.67,115.63,116.35,116.33,116.51,7858,913484.6,06-SEP-2023,234,INF204KB18I3,
NXST,RR,122.25,122.75,121.13,122.44,122.73,120.97,337268,41280015.16,06-SEP-2023,6620,INE0NDH25011,
NYKAA,EQ,139,144.5,137.3,142.6,142.85,138.05,14541179,2065950745.1,06-SEP-2023,89123,INE388Y01029,
OAL,EQ,397.95,398.2,376.5,383.4,384.25,394.35,19826,7697883.05,06-SEP-2023,1087,INE959C01023,
OBCL,EQ,49.5,52.9,49.5,52.1,51.1,50.4,204974,10455677.95,06-SEP-2023,1191,INE426Z01016,
OBEROIRLTY,EQ,1151,1160.95,1138.05,1144.8,1145.2,1146.4,398708,457623170.25,06-SEP-2023,16081,INE093I01010,
OCCL,EQ,855.65,858.8,852.2,856.6,858.5,847.95,3701,3165488.55,06-SEP-2023,563,INE321D01016,
OFSS,EQ,4210,4233.95,4190.05,4206.9,4201,4204.25,41809,175855973.25,06-SEP-2023,6149,INE881D01027,
OIL,EQ,284.85,286.55,280.8,282.55,282.75,280.6,1090705,309309704,06-SEP-2023,14971,INE274J01014,
OILCOUNTUB,BE,19.15,19.15,19,19.15,19.15,19.15,33303,637554.6,06-SEP-2023,41,INE591A01010,
OLECTRA,EQ,1230.05,1244.1,1222.05,1232.2,1232,1227.95,303231,374253417,06-SEP-2023,18393,INE260D01016,
OMAXAUTO,EQ,57.45,59,56,58.65,59,56.75,157791,9104083.8,06-SEP-2023,1220,INE090B01011,
OMAXE,EQ,46.65,47.3,45.9,46.1,46.5,46.6,757712,35305785.65,06-SEP-2023,3648,INE800H01010,
OMFURN,SM,83.3,83.3,83.3,83.3,83.3,79.35,18000,1499400,06-SEP-2023,9,INE338Y01016,
OMINFRAL,BE,64.15,64.15,64.15,64.15,64.15,62.9,50490,3238933.5,06-SEP-2023,72,INE239D01028,
OMKARCHEM,BZ,7.35,7.75,7.35,7.35,7.35,7.7,70346,523114.75,06-SEP-2023,121,INE474L01016,
ONELIFECAP,EQ,12.2,13.7,12.15,13.2,13.3,12.2,279874,3642670.9,06-SEP-2023,878,INE912L01015,
ONEPOINT,BE,30.3,30.3,29.95,29.95,29.95,30.55,66088,1982152.75,06-SEP-2023,161,INE840Y01029,
ONGC,EQ,184.9,186.75,182.35,183.05,182.9,183.1,11954407,2201767506.75,06-SEP-2023,89738,INE213A01029,
ONMOBILE,EQ,122.95,123.3,119.8,120.7,120.95,121.65,1354100,164267246.35,06-SEP-2023,9502,INE809I01019,
ONWARDTEC,EQ,609.25,615,595,608.4,605.8,605.75,72366,43775824.45,06-SEP-2023,5965,INE229A01017,
OPTIEMUS,EQ,358,358.05,331.05,337.6,337.6,354.8,457979,156361240.15,06-SEP-2023,8063,INE350C01017,
ORBTEXP,BE,172.5,182.7,172.5,174.45,175,179.35,5331,941355.15,06-SEP-2023,104,INE231G01010,
ORCHPHARMA,BE,574,574,541.1,544.5,545,563.8,6499,3601594.65,06-SEP-2023,306,INE191A01027,
ORIANA,SM,361.25,371,353,354.4,354,371,81600,29422020,06-SEP-2023,66,INE0OUT01019,
ORICONENT,BE,25.75,26.5,25.7,26.5,26.5,25.25,179121,4720548.35,06-SEP-2023,412,INE730A01022,
ORIENTALTL,EQ,7.6,7.6,7.35,7.55,7.6,7.3,89857,672678.95,06-SEP-2023,241,INE998H01012,
ORIENTBELL,EQ,478.95,483.7,474,481,483,478.15,13011,6229839.5,06-SEP-2023,1541,INE607D01018,
ORIENTCEM,EQ,197.5,199,188.65,190.9,189.95,196.55,953613,183870867.55,06-SEP-2023,11918,INE876N01018,
ORIENTCER,BE,35.7,37.1,35.55,36.15,36.5,35.35,105234,3823095.3,06-SEP-2023,533,INE569C01020,
ORIENTELEC,EQ,237,238,235.7,237.3,238,237.05,95124,22521850.1,06-SEP-2023,3962,INE142Z01019,
ORIENTHOT,EQ,86.35,90.9,86.35,89.75,89.7,86.9,1160564,102868913.75,06-SEP-2023,7600,INE750A01020,
ORIENTLTD,EQ,92.8,92.8,88.5,89.2,88.5,89.6,25194,2263863.35,06-SEP-2023,789,INE609C01024,
ORIENTPPR,EQ,50.8,59.35,50.65,58.55,58.9,50.6,19524536,1092451106.45,06-SEP-2023,45037,INE592A01026,
ORISSAMINE,EQ,4780,4839.95,4680,4704.15,4682,4758,16885,80142580.9,06-SEP-2023,4816,INE725E01024,
ORTEL,BZ,0.95,0.95,0.95,0.95,0.95,0.95,1800,1710,06-SEP-2023,4,INE849L01019,
ORTINLAB,BE,20.05,20.25,19.5,19.75,20.2,20.05,18455,368197.65,06-SEP-2023,66,INE749B01020,
OSIAHYPER,BE,50.45,50.45,49.45,49.45,49.45,50.45,29988,1498599.45,06-SEP-2023,69,INE06IR01021,
OSWALAGRO,EQ,30.1,30.3,29.55,29.8,29.7,29.65,366267,10967995.9,06-SEP-2023,1798,INE142A01012,
OSWALGREEN,EQ,24.4,24.9,23.35,23.55,23.5,24.05,1286024,30818372.25,06-SEP-2023,3876,INE143A01010,
OSWALSEEDS,EQ,60,63.2,58.8,60.1,60.25,58.2,354627,21267998.35,06-SEP-2023,2094,INE00IK01029,
PAGEIND,EQ,39560,41149.9,39444.8,40806.4,40900,39504.8,39093,1587839915.7,06-SEP-2023,16076,INE761H01022,
PAISALO,EQ,66.2,66.3,64.55,64.9,64.9,66.2,578624,37653503.35,06-SEP-2023,4371,INE420C01059,
PAKKA,EQ,205.5,209.1,201,206.2,206.45,205.95,338445,69748187.3,06-SEP-2023,5602,INE551D01018,
PALASHSECU,BE,109.8,109.8,104.1,104.1,104.15,104.7,2272,240137.9,06-SEP-2023,31,INE471W01019,
PALREDTEC,EQ,156.9,159.65,155.1,155.85,156.5,157.05,19795,3107150.9,06-SEP-2023,1421,INE218G01033,
PANACEABIO,EQ,137.35,140.7,134.75,135.25,136,136.6,566523,78203657.35,06-SEP-2023,7888,INE922B01023,
PANACHE,BE,83.45,83.45,82.3,83.3,83.35,83.45,2053,170008.5,06-SEP-2023,28,INE895W01019,
PANAMAPET,EQ,325,330.95,322.85,327.05,326.8,323.35,241505,79058868.75,06-SEP-2023,11244,INE305C01029,
PANSARI,BE,114,114,106.5,109.9,106.5,112,1265,140055.4,06-SEP-2023,49,INE697V01011,
PAR,BE,189.95,190,185.7,186.5,186,189.65,7683,1433395.1,06-SEP-2023,175,INE04LG01015,
PARACABLES,BE,68.9,69.2,67,69.2,69.2,65.95,1753183,120617842.25,06-SEP-2023,3511,INE074B01023,
PARADEEP,EQ,72.65,74.4,71,73.2,73.85,72.2,5594305,406712499.8,06-SEP-2023,17948,INE088F01024,
PARAGMILK,EQ,196.6,199.95,191.1,192.1,192.4,196.15,637921,123500087.05,06-SEP-2023,7160,INE883N01014,
PARAS,EQ,773.3,776.95,763.05,766.3,767.65,771.45,219405,168333156.95,06-SEP-2023,10494,INE045601015,
PARASPETRO,BE,1.45,1.45,1.45,1.45,1.45,1.4,431182,625213.9,06-SEP-2023,143,INE162C01024,
PARSVNATH,EQ,9.35,9.5,9.1,9.1,9.1,9.2,417372,3848058.25,06-SEP-2023,831,INE561H01026,
PARTYCRUS,SM,63.15,68.45,60.1,66.9,66.55,65.9,78000,5005000,06-SEP-2023,30,INE06ZX01015,
PASUPTAC,EQ,37.5,37.5,35.75,36.35,36.3,37.5,201888,7392974.3,06-SEP-2023,1177,INE818B01023,
PATANJALI,BE,1285.7,1300,1275,1294.05,1294,1285.7,129438,166772024.55,06-SEP-2023,3483,INE619A01035,
PATELENG,EQ,59.35,59.85,56.05,56.6,56.4,58.25,8751217,502745930.45,06-SEP-2023,24052,INE244B01030,
PATINTLOG,BE,17.4,17.4,16.7,16.75,16.9,17.15,152798,2583858.55,06-SEP-2023,334,INE529D01014,
PAVNAIND,EQ,433.05,433.2,420.1,427.6,433,430.95,1158,493947.45,06-SEP-2023,361,INE07S101020,
PAYTM,EQ,884.55,902.9,882.4,898.8,897.2,881.1,3674372,3295153059.5,06-SEP-2023,84160,INE982J01020,
PCBL,EQ,173.3,174.95,169,169.6,169.45,172.8,1957989,335671172.95,06-SEP-2023,22505,INE602A01031,
PCHFL,N2,1009.5,1010,1009.5,1010,1010,1005,2,2019.5,06-SEP-2023,2,INE516Y07386,
PCHFL,N4,1177.98,1178,1175.01,1178,1178,1177.5,693,815573.56,06-SEP-2023,28,INE516Y07394,
PCHFL,N6,996,1002,996,1002,1002,999,102,101598,06-SEP-2023,3,INE516Y07402,
PCHFL,NA,996,1000,996,1000,1000,1000,215,214940,06-SEP-2023,8,INE516Y07428,
PCJEWELLER,EQ,28,28.25,27,27.15,27.25,27.75,2771127,75848875.85,06-SEP-2023,6849,INE785M01013,
PDMJEPAPER,EQ,49.35,56.3,49.25,55.3,55.6,49.3,5695588,307699158.7,06-SEP-2023,21659,INE865T01018,
PDSL,EQ,365,369.3,362,364.7,363.65,366.7,122554,44746201.85,06-SEP-2023,5233,INE111Q01021,
PEARLPOLY,EQ,26.05,28.4,26.05,27.4,27,26.05,358392,9637868.95,06-SEP-2023,1917,INE844A01013,
PEL,EQ,1098.65,1104.9,1072.65,1077.05,1077.5,1098.9,1142685,1242501044.9,06-SEP-2023,35264,INE140A01024,
PENIND,EQ,112.95,114.4,110.6,111.85,111.9,112.5,1102000,123526464.15,06-SEP-2023,9007,INE932A01024,
PENINLAND,EQ,34.5,34.55,32.7,33.2,33,34.25,581307,19541222.75,06-SEP-2023,2518,INE138A01028,
PENTAGOLD,ST,13.1,13.1,13.1,13.1,13.1,13.75,6600,86460,06-SEP-2023,8,INE175Y01012,
PENTAGON,SM,140.15,147.95,138,139.1,140,142.2,68000,9670100,06-SEP-2023,23,INE0ORS01017,
PERFECT,SM,23.9,24.9,23.9,24.85,24.9,23.65,132000,3240000,06-SEP-2023,21,INE925S01012,
PERSISTENT,EQ,5925,5970.85,5861.2,5957.45,5954.05,5925.7,512362,3035109056.3,06-SEP-2023,48163,INE262H01013,
PETRONET,EQ,228.95,246.4,228.65,244.9,244.35,229.15,18548210,4484710123.9,06-SEP-2023,117591,INE347G01014,
PFC,EQ,262.1,262.1,254.8,257.5,257.35,262.1,10458275,2698148161.6,06-SEP-2023,81958,INE134E01011,
PFC,N5,1127.6,1164,1127.6,1164,1164,1127.25,220,255352,06-SEP-2023,3,INE134E07208,
PFC,N6,1078.78,1078.78,1078.54,1078.54,1078.54,1065,11,11864.18,06-SEP-2023,3,INE134E07422,
PFC,N8,1340,1343,1337,1343,1343,1341,240,322009.4,06-SEP-2023,26,INE134E07463,
PFIZER,EQ,3870,3919.95,3835.85,3849.7,3850,3867.2,22285,86197753.2,06-SEP-2023,2924,INE182A01018,
PFOCUS,EQ,91.65,95.9,89.1,89.7,89.8,90.95,448457,41565553.65,06-SEP-2023,5241,INE367G01038,
PFS,EQ,29.65,29.85,28.3,28.8,28.85,29.6,2832778,81818749.65,06-SEP-2023,6212,INE560K01014,
PGEL,EQ,1845.55,1849.95,1773.65,1792.9,1798,1820,110458,199081076.2,06-SEP-2023,11490,INE457L01011,
PGHH,EQ,16190.2,16450,16190.15,16395.5,16448.95,16153.75,3188,52124979.8,06-SEP-2023,1765,INE179A01014,
PGHL,EQ,5080,5129.9,5064,5074.45,5075,5082.3,7080,36108289.1,06-SEP-2023,3071,INE199A01012,
PGIL,EQ,984.9,999,936.75,994.05,996,972.15,72107,70053221.95,06-SEP-2023,4370,INE940H01014,
PGINVIT,IV,109.79,109.99,108.55,108.65,108.9,109.79,1770652,193597183.72,06-SEP-2023,18698,INE0GGX23010,
PHANTOMFX,SM,509,514,498.5,506.35,507,502.35,30000,15175170,06-SEP-2023,43,INE0MLZ01019,
PHARMABEES,EQ,15.95,15.95,15.42,15.6,15.56,15.47,2106042,32798135.18,06-SEP-2023,4093,INF204KC1089,
PHOENIXLTD,EQ,1859.95,1865.45,1790.1,1799.6,1799,1851.65,274447,498398672.3,06-SEP-2023,44089,INE211B01039,
PIDILITIND,EQ,2485,2508,2484,2502.4,2507.8,2491.3,258925,646487908.25,06-SEP-2023,21105,INE318A01026,
PIGL,BE,38,38,37.25,37.45,37.45,38,4495,169541.75,06-SEP-2023,30,INE557Z01018,
PIIND,EQ,3614.95,3665,3600,3615.2,3622.95,3609.4,287063,1041419636.6,06-SEP-2023,21587,INE603J01030,
PILANIINVS,EQ,2199,2217.2,2125,2132.55,2145,2189.1,20822,45269183.75,06-SEP-2023,3586,INE417C01014,
PILITA,BE,9.95,9.95,9.95,9.95,9.95,10.15,28399,282570.05,06-SEP-2023,96,INE600A01035,
PIONEEREMB,EQ,53.1,53.1,52.3,52.5,52.35,52,35778,1878859.3,06-SEP-2023,391,INE156C01018,
PITTIENG,EQ,625.9,647,625.9,634.7,633,625.85,112387,71607719.05,06-SEP-2023,9977,INE450D01021,
PIXTRANS,EQ,1185.05,1196,1165,1169.5,1170,1177,16899,19921034.3,06-SEP-2023,2749,INE751B01018,
PKTEA,BE,300,300,287.15,287.15,287.15,298.15,97,28200.5,06-SEP-2023,5,INE431F01018,
PLASTIBLEN,EQ,236,236,228.6,231.55,230.25,233.8,16267,3777774.55,06-SEP-2023,977,INE083C01022,
PNB,EQ,67.35,67.5,65.5,65.7,65.85,67.35,57072136,3784498504.9,06-SEP-2023,105375,INE160A01022,
PNBGILTS,EQ,66.15,66.15,64.5,65.25,65.25,66.15,333140,21796513.25,06-SEP-2023,2243,INE859A01011,
PNBHOUSING,EQ,678.9,678.9,665,671.7,673,675.35,165824,111338822.7,06-SEP-2023,9325,INE572E01012,
PNC,EQ,41.55,42.55,39.8,40.55,40.5,40.7,120572,4973247.35,06-SEP-2023,2421,INE392B01011,
PNCINFRA,EQ,345.85,355,344.5,348.7,349,344.45,704790,246722711.6,06-SEP-2023,17365,INE195J01029,
POCL,EQ,489.9,490.95,472,479.05,479,487.05,59353,28282360.45,06-SEP-2023,6816,INE063E01046,
PODDARHOUS,BE,90.05,95,90,93.9,94.9,90.95,5405,505077.95,06-SEP-2023,42,INE888B01018,
PODDARMENT,EQ,379.8,379.8,365.1,367.15,368.2,376.9,12701,4681787.35,06-SEP-2023,1393,INE371C01013,
POKARNA,EQ,541.55,585,541.55,579.75,584,540.3,232325,132016196.45,06-SEP-2023,6961,INE637C01025,
POLICYBZR,EQ,758.3,777.8,758.3,769.6,768,758.3,524249,404242328.3,06-SEP-2023,19271,INE417T01026,
POLYCAB,EQ,5308.8,5333,5244.5,5293.75,5275,5303.75,374585,1985570799.75,06-SEP-2023,39792,INE455K01017,
POLYMED,EQ,1410.05,1410.05,1364.8,1370.1,1368.05,1398.25,100594,138063928.55,06-SEP-2023,7962,INE205C01021,
POLYPLEX,EQ,1218,1223,1200,1203.45,1204.5,1213.2,88868,107225371.95,06-SEP-2023,10632,INE633B01018,
PONNIERODE,EQ,422.8,441.05,420,427.4,427,419.1,300764,129814677.4,06-SEP-2023,15911,INE838E01017,
POONAWALLA,EQ,410.75,410.75,395.75,398.25,400.8,409.75,2019122,811101173.95,06-SEP-2023,29979,INE511C01022,
POWERGRID,EQ,256.7,257.25,252.15,254.5,254,254.3,7513855,1910237566.2,06-SEP-2023,83525,INE752E01010,
POWERINDIA,EQ,4440.25,4474.65,4251.4,4352,4355,4418.2,38433,166790179.4,06-SEP-2023,9953,INE07Y701011,
POWERMECH,EQ,4108,4167.45,4000,4041.9,4074,4116.25,34654,141419216.65,06-SEP-2023,6067,INE211R01019,
PPAP,EQ,254.75,258,239.55,246.85,246.25,248.25,75642,18782086.35,06-SEP-2023,5845,INE095I01015,
PPL,EQ,281,288.75,279.55,281.85,282.35,278.5,161001,45687476.55,06-SEP-2023,4570,INE050001010,
PPLPHARMA,EQ,103.3,104.9,103.2,103.7,103.85,103.1,3883161,403950251.25,06-SEP-2023,17385,INE0DK501011,
PRAENG,EQ,15,15.25,14.4,14.85,14.85,14.8,131006,1937369.5,06-SEP-2023,712,INE505C01016,
PRAJIND,EQ,529.75,536.2,515.9,521.55,520,527.35,1492436,779179997.45,06-SEP-2023,39182,INE074A01025,
PRAKASH,EQ,130.25,131.3,123.5,126.55,125.6,129.95,1249810,157849305.2,06-SEP-2023,12048,INE603A01013,
PRAKASHSTL,BE,6.4,6.4,6.1,6.4,6.4,6.1,1323800,8417769.1,06-SEP-2023,2712,INE696K01024,
PRAXIS,BE,27.05,27.05,27.05,27.05,27.05,26.55,6469,174986.45,06-SEP-2023,20,INE546Y01022,
PRECAM,EQ,304,319,299.05,305.65,306,296.55,1078208,331693255.5,06-SEP-2023,22624,INE484I01029,
PRECISION,SM,44.5,48.35,44,47.1,47.05,44.05,196000,9086600,06-SEP-2023,89,INE0HKW01018,
PRECOT,EQ,234,234.1,220,224.5,226,227.65,21151,4768186.6,06-SEP-2023,693,INE283A01014,
PRECWIRE,EQ,101.5,102.8,98.45,100.7,100.95,100.85,370816,37264327.65,06-SEP-2023,5851,INE372C01037,
PREMEXPLN,BE,1090,1118,1050,1068.35,1079,1083.25,21860,23481469.4,06-SEP-2023,926,INE863B01011,
PREMIER,BE,2.05,2.1,2,2.05,2.05,2.05,24128,49513.9,06-SEP-2023,30,INE342A01018,
PREMIERPOL,BE,104,105.15,104,105.15,105.15,104.75,3998,419457.45,06-SEP-2023,48,INE309M01012,
PRESSMN,BE,230.1,230.1,230.1,230.1,230.1,225.6,42964,9886016.4,06-SEP-2023,58,INE980A01023,
PRESTIGE,EQ,643.95,643.95,632.55,634.05,635,642.25,179867,114597369.55,06-SEP-2023,10968,INE811K01011,
PRICOLLTD,EQ,327.85,333.9,321.85,322.75,322.8,326.3,285571,93409097.1,06-SEP-2023,8690,INE726V01018,
PRIMESECU,EQ,149,154.8,147,150.3,148.1,148.95,157770,23983964.65,06-SEP-2023,1832,INE032B01021,
PRINCEPIPE,EQ,722.65,725.35,712.15,715.8,715,722.65,189548,135804574.5,06-SEP-2023,7052,INE689W01016,
PRITI,EQ,178.05,185,178.05,179.45,180.75,180.5,26124,4738760.85,06-SEP-2023,947,INE974Z01015,
PRITIKA,SM,89.9,93.45,86,86.1,86.1,86,140000,12456400,06-SEP-2023,35,INE0MJQ01012,
PRITIKAUTO,BE,22.25,23.3,22,22.9,23.05,22.25,693603,15819081.95,06-SEP-2023,1742,INE583R01029,
PRIVISCL,EQ,1222,1235,1200,1219.05,1219,1227.6,12144,14817032.75,06-SEP-2023,2371,INE959A01019,
PROLIFE,SM,246,265,246,261.7,265,246,15000,3886450,06-SEP-2023,28,INE994V01012,
PROPEQUITY,SM,223.1,223.1,210,212.05,213.5,228.3,36000,7718880,06-SEP-2023,30,INE0KN801013,
PROV,SM,1041,1061.95,1041,1061.5,1061.5,1057,640,675112,06-SEP-2023,4,INE0ONE01016,
PROZONER,EQ,32.35,33.85,31.65,32.2,32.15,32.1,3391091,111074805.35,06-SEP-2023,6441,INE195N01013,
PRSMJOHNSN,EQ,139.95,140.35,136,136.85,136.95,139.35,425685,58628481.4,06-SEP-2023,6291,INE010A01011,
PRUDENT,EQ,1101.05,1123.7,1090,1106.2,1123.5,1099.25,29536,32769853,06-SEP-2023,3485,INE00F201020,
PSB,EQ,40,41.2,39.3,39.6,39.9,39.2,7395392,294620038.6,06-SEP-2023,13678,INE608A01012,
PSPPROJECT,EQ,818,823.5,812,814.85,816,817.85,50982,41608492.9,06-SEP-2023,5559,INE488V01015,
PSUBANKICI,EQ,47.33,47.33,46.43,46.63,46.5,47.03,44384,2073140.75,06-SEP-2023,378,INF109KC10S8,
PSUBNKBEES,EQ,52.2,52.32,51.41,51.57,51.62,52.04,1150731,59476527.13,06-SEP-2023,5113,INF204KB16I7,
PTC,EQ,151.2,152.8,144.65,147.55,148.15,150.75,3020880,445482287.05,06-SEP-2023,25261,INE877F01012,
PTCIL,EQ,5875.7,5985,5750,5804.1,5880,5875.7,1741,10188521.9,06-SEP-2023,725,INE596F01018,
PTL,EQ,38,38.4,36.55,36.95,37.35,37.8,304107,11424586.2,06-SEP-2023,2707,INE034D01049,
PULZ,SM,79.15,79.15,79.15,79.15,79.15,82.6,6000,474900,06-SEP-2023,3,INE335X01014,
PUNJABCHEM,EQ,1143.75,1160,1117.5,1132.45,1120.1,1129.6,33130,37645422.7,06-SEP-2023,7117,INE277B01014,
PURVA,EQ,112.85,114.3,110.95,112,112.05,112.05,384142,43315383.8,06-SEP-2023,4773,INE323I01011,
PVP,BE,10.4,10.5,10.4,10.5,10.5,10.4,213651,2224721.05,06-SEP-2023,77,INE362A01016,
PVRINOX,EQ,1800.95,1838.45,1800.95,1826.35,1830,1796.9,906517,1652801173.95,06-SEP-2023,42601,INE191H01014,
PYRAMID,BE,169.25,172.8,166.25,171,170.3,165.9,431036,73210488.8,06-SEP-2023,5041,INE0MIS01010,
QGOLDHALF,EQ,50.06,50.19,49.98,50.03,50.01,50.07,268539,13437711.59,06-SEP-2023,210,INF082J01408,
QMSMEDI,SM,142,152,141,150,150,141.1,59000,8837550,06-SEP-2023,27,INE0FMW01018,
QNIFTY,EQ,2089.99,2100,2081.52,2097.8,2098,2088.19,3373,7072491.74,06-SEP-2023,83,INF082J01028,
QUADPRO,SM,6.25,6.5,6,6.45,6.45,5.85,228000,1442400,06-SEP-2023,19,INE0GOJ01027,
QUESS,EQ,420.65,428.5,419.55,426.35,426.85,420.2,116031,49328475.7,06-SEP-2023,5754,INE615P01015,
QUICKHEAL,EQ,211.8,215.5,209.15,213.4,213.6,211.25,130635,27747026.75,06-SEP-2023,4235,INE306L01010,
QUICKTOUCH,SM,201,208,201,207.5,208,202.5,20000,4085200,06-SEP-2023,10,INE0K4D01020,
RACE,EQ,272.5,274.95,268.2,271.2,270.25,270.35,12679,3447569.75,06-SEP-2023,891,INE084Q01012,
RADAAN,EQ,1.9,1.9,1.75,1.85,1.9,1.85,72034,134140.65,06-SEP-2023,207,INE874F01027,
RADHIKAJWE,EQ,34,34.7,34,34.6,34.6,34.05,234147,8057567.8,06-SEP-2023,1236,INE583V01021,
RADIANTCMS,EQ,97.3,97.45,94.1,94.8,94.95,96.35,740384,70634961.5,06-SEP-2023,5786,INE855R01021,
RADICO,EQ,1250,1305,1250,1290.35,1284.9,1249.45,442071,568001459.6,06-SEP-2023,33591,INE944F01028,
RADIOCITY,BE,14.25,14.5,14,14.2,14.1,14,508456,7287636.25,06-SEP-2023,653,INE919I01024,
RADIOCITY,P1,90,91,90,90.2,90.2,90,10963,990199.05,06-SEP-2023,32,INE919I04010,
RAILTEL,EQ,231.8,232.15,220.2,223.4,223.25,230.55,5897801,1320855734.7,06-SEP-2023,41610,INE0DD101019,
RAIN,EQ,175.5,178.95,172.05,173.7,173.25,174.35,3570628,625759799.9,06-SEP-2023,24662,INE855B01025,
RAINBOW,EQ,1064.45,1071.05,1034,1035.4,1035,1058.1,352870,370744333.55,06-SEP-2023,29733,INE961O01016,
RAJESHEXPO,EQ,516,518.5,509.85,513,511.7,512.85,512577,263781304.35,06-SEP-2023,13469,INE343B01030,
RAJMET,BE,10.5,10.65,10,10.3,10.35,10.25,480689,4942782,06-SEP-2023,1288,INE00KV01022,
RAJRATAN,EQ,772.95,772.95,756.1,759.45,760.65,763.65,34005,26021335.2,06-SEP-2023,4234,INE451D01029,
RAJRILTD,BE,39.5,41.1,39.5,41.05,41.1,40.3,21124,861096.95,06-SEP-2023,214,INE533D01032,
RAJSREESUG,EQ,59.25,62.35,58.35,60.1,60.1,58.45,878858,53223952.2,06-SEP-2023,7053,INE562B01019,
RAJTV,EQ,48.2,48.75,47.15,47.5,47.2,48,4976,238390.6,06-SEP-2023,112,INE952H01027,
RALLIS,EQ,237.95,239.9,234.4,238.75,238.8,236.4,1045898,248909836.9,06-SEP-2023,15232,INE613A01020,
RAMANEWS,EQ,16.1,17.4,15.05,16.75,16.6,15.9,2250822,36766214.95,06-SEP-2023,6195,INE278B01020,
RAMAPHO,EQ,245.1,264.4,239.7,257.45,256,244.25,133106,33783040.45,06-SEP-2023,6404,INE809A01024,
RAMASTEEL,EQ,39.3,39.7,38.55,39.3,39.15,39,3628871,142013943.6,06-SEP-2023,8359,INE230R01035,
RAMCOCEM,EQ,921,922.45,909.3,913.2,910.05,920.95,188203,172047842.15,06-SEP-2023,6243,INE331A01037,
RAMCOIND,EQ,186.05,190.9,185.1,190,189.75,185.8,152836,28629398.55,06-SEP-2023,3052,INE614A01028,
RAMCOSYS,EQ,276.9,284.1,276.9,279.75,282,276.7,78795,22122421.5,06-SEP-2023,4587,INE246B01019,
RAMKY,EQ,545.8,552.2,534,540.4,539.4,542.05,81693,44382139.05,06-SEP-2023,4627,INE874I01013,
RAMRAT,EQ,308.05,322.45,308.05,313.45,313.3,308.05,152803,48249272.5,06-SEP-2023,8690,INE207E01023,
RANASUG,EQ,28.45,29.9,28.35,29.65,29.65,28.1,6867758,201771149.4,06-SEP-2023,12960,INE625B01014,
RANEENGINE,BE,307.15,326,307.15,316,316,311.75,4173,1318126.05,06-SEP-2023,121,INE222J01013,
RANEHOLDIN,EQ,1008,1015.35,981.1,996.6,995.5,1003.2,7009,6978064.15,06-SEP-2023,1306,INE384A01010,
RATEGAIN,EQ,615,641.6,605.5,608.75,608,606.7,790831,492205917.7,06-SEP-2023,28910,INE0CLI01024,
RATNAMANI,EQ,2731,2731.4,2692.55,2719.15,2704.5,2705.35,11946,32356746.25,06-SEP-2023,3029,INE703B01027,
RAYMOND,EQ,2184.75,2199,2160.2,2180,2179,2172.45,436501,951696681.7,06-SEP-2023,28495,INE301A01014,
RBA,EQ,120.1,125,120,124,123.7,119.2,1629806,200533451.55,06-SEP-2023,12049,INE07T201019,
RBL,EQ,804,804.8,780,785.1,785.9,803.45,9498,7499359.3,06-SEP-2023,1478,INE244J01017,
RBLBANK,EQ,236.35,239.35,232.2,233.5,233.5,235.9,6512216,1532670991.65,06-SEP-2023,42831,INE976G01028,
RBMINFRA,SM,135.8,135.8,122.9,122.9,122.9,129.35,273000,35555850,06-SEP-2023,84,INE0NA301016,
RCF,EQ,124.65,133.25,124.3,131.3,131.35,123.95,29142048,3802389002.15,06-SEP-2023,90034,INE027A01015,
RCOM,BE,1.6,1.6,1.6,1.6,1.6,1.55,1567514,2508022.4,06-SEP-2023,698,INE330H01018,
RECLTD,EQ,240.3,240.8,233.65,234.65,235.2,240.3,16847543,3977522627.8,06-SEP-2023,96342,INE020B01018,
RECLTD,N8,1069.85,1069.85,1069.85,1069.85,1069.85,1060.65,50,53492.5,06-SEP-2023,1,INE020B07HR4,
RECLTD,N9,1205,1209.99,1205,1205,1205,1206.03,846,1019659.99,06-SEP-2023,8,INE020B07HS2,
REDINGTON,EQ,165.5,167.9,163.45,164.85,164.65,163.4,5878596,976207478.45,06-SEP-2023,45341,INE891D01026,
REDTAPE,EQ,456.75,456.75,426.55,434.95,432.5,448.85,366770,160719014.65,06-SEP-2023,25022,INE0LXT01019,
REFEX,EQ,686.4,691.15,681,683.3,683.05,681.2,54437,37305825.6,06-SEP-2023,3695,INE056I01017,
REGENCERAM,BE,29.3,29.3,28.75,28.75,28.75,28.75,775,22322.5,06-SEP-2023,5,INE277C01012,
RELAXO,EQ,927.9,935,922,924.9,925.85,926.75,53189,49237306.65,06-SEP-2023,7420,INE131B01039,
RELCAPITAL,BE,11.05,11.05,11.05,11.05,11.05,10.55,621252,6864834.6,06-SEP-2023,510,INE013A01015,
RELCHEMQ,EQ,209.8,216.4,201,205.3,203,209.8,41819,8830897.8,06-SEP-2023,2439,INE750D01016,
RELIABLE,SM,60,60,60,60,60,62.5,2400,144000,06-SEP-2023,1,INE375Y01018,
RELIANCE,EQ,2421.1,2436.15,2417.25,2428.7,2426.35,2423.6,4100185,9953029723.5,06-SEP-2023,168907,INE002A01018,
RELIGARE,EQ,226.65,233.4,224.4,228.2,228,225.5,1191868,273341803.4,06-SEP-2023,20719,INE621H01010,
RELINFRA,BE,192.85,196.2,188.5,190.4,190.65,190.8,1343663,258981766.95,06-SEP-2023,8915,INE036A01016,
REMSONSIND,BE,417.4,418,405.2,416.3,410.5,417,3031,1259123.05,06-SEP-2023,117,INE474C01015,
REMUS,SM,4469.95,4469.95,4310,4408.75,4440,4292.7,5300,23290445,06-SEP-2023,51,INE0O5T01011,
RENUKA,EQ,51.45,54.8,51.45,53.3,53.5,50.6,74697747,3995958193.15,06-SEP-2023,112907,INE087H01022,
REPCOHOME,EQ,389.85,395.7,377.05,391.95,393.05,382.45,345606,133724955.5,06-SEP-2023,11374,INE612J01015,
REPL,EQ,185.05,186.25,181.9,183.05,182.5,185,18958,3475816.15,06-SEP-2023,858,INE364Z01019,
REPRO,EQ,817,839.65,814.95,817.05,819,820.75,13279,10908989.4,06-SEP-2023,766,INE461B01014,
RESPONIND,EQ,256.3,258.75,249.05,256.3,256.05,254.25,413867,105330671.35,06-SEP-2023,5406,INE688D01026,
REVATHI,BE,1668,1700.1,1621,1684.45,1684,1636.95,2407,4016423.05,06-SEP-2023,213,INE617A01013,
REXPIPES,SM,82.2,82.2,76.25,76.25,76.25,78.3,60000,4873800,06-SEP-2023,15,INE00D001018,
RGL,EQ,102.85,119.3,102.85,113.9,116,102.5,2628657,295976341.15,06-SEP-2023,24700,INE722H01024,
RHFL,BE,1.8,1.8,1.8,1.8,1.8,1.85,2192785,3947013,06-SEP-2023,1165,INE217K01011,
RHIM,EQ,719.6,729.85,714.65,726.45,728,715.75,210699,152284014.6,06-SEP-2023,14202,INE743M01012,
RHL,EQ,115.1,117.45,115.1,116.75,116.95,116.4,10143,1184696.1,06-SEP-2023,495,INE508K01013,
RICHA,SM,63.95,66,63.95,64.1,64.1,63.6,17000,1093450,06-SEP-2023,8,INE0J1P01015,
RICOAUTO,EQ,87.7,87.9,84.8,85.7,85.85,87.6,819006,70572576.55,06-SEP-2023,5090,INE209B01025,
RIIL,EQ,1014.05,1045,1009,1014.55,1013.55,1008.3,472159,483687488.4,06-SEP-2023,16875,INE046A01015,
RILINFRA,SM,119,119,108.45,108.45,108.45,114.15,65400,7307360,06-SEP-2023,228,INE02OY01016,
RITCO,BE,234,244.65,234,239.2,241.95,233,57129,13726537.75,06-SEP-2023,356,INE01EG01016,
RITES,EQ,515,517.6,499,504.25,504,513.55,1661594,844713049,06-SEP-2023,44384,INE320J01015,
RITEZONE,SM,67.85,67.95,65.25,67.2,67.2,65.95,19200,1283120,06-SEP-2023,12,INE0MRA01019,
RKDL,BE,29.4,29.5,26.7,26.7,26.7,28.1,72511,2008412.7,06-SEP-2023,527,INE722J01012,
RKEC,EQ,73.9,75,72.5,73.55,73.7,72.35,66792,4906922.55,06-SEP-2023,449,INE786W01010,
RKFORGE,EQ,724,729.8,682.2,712.6,710.3,720.35,720904,513593949.9,06-SEP-2023,33385,INE399G01023,
RMCL,BZ,1.95,1.95,1.95,1.95,1.95,2,865,1686.75,06-SEP-2023,5,INE172H01014,
RMDRIP,SM,47.15,47.15,44,44,44,44.95,4000,182300,06-SEP-2023,2,INE219Y01018,
RML,EQ,670.25,675,658.05,664.4,664,668.05,12416,8264681.45,06-SEP-2023,1605,INE050H01012,
ROHLTD,EQ,310,314.8,302.2,304.05,303,309.25,52225,16027964.5,06-SEP-2023,3257,INE283H01019,
ROLEXRINGS,EQ,2285.8,2285.8,2234.05,2256.3,2250,2239.35,16297,36733097.3,06-SEP-2023,3295,INE645S01016,
ROLLT,BE,1.1,1.1,1.1,1.1,1.1,1.15,91474,100621.4,06-SEP-2023,128,INE927A01040,
ROML,EQ,44.95,46,43.75,44.4,46,44.95,10463,470363.5,06-SEP-2023,285,INE294G01026,
ROSSARI,EQ,859,883.4,851,870,870.95,856.6,156135,135929333.85,06-SEP-2023,12815,INE02A801020,
ROSSELLIND,EQ,479.95,502.45,472.55,485.45,490,469.75,435345,211806791.45,06-SEP-2023,21425,INE847C01020,
ROTO,EQ,356,365,354.55,357.15,357.95,355,47078,16811782.15,06-SEP-2023,4224,INE535D01029,
ROUTE,EQ,1557.15,1560.35,1541,1547.6,1543.15,1553.25,67829,105207587.8,06-SEP-2023,4395,INE450U01017,
RPGLIFE,EQ,1252.95,1254.95,1222.25,1242.3,1248,1240.6,17074,21120807.35,06-SEP-2023,2343,INE105J01010,
RPOWER,EQ,20,21.6,20,21.2,21.05,19.8,358332671,7533669355.95,06-SEP-2023,155005,INE614G01033,
RPPINFRA,BE,65,67.25,63,66.35,67.05,64.7,370566,24139688.4,06-SEP-2023,1065,INE324L01013,
RPPL,EQ,175.1,177.5,171.05,174.05,172.5,171.45,54445,9423222.85,06-SEP-2023,1310,INE760W01015,
RPSGVENT,EQ,640.1,643.65,626.4,635.1,636,635.6,75140,47672804.7,06-SEP-2023,5235,INE425Y01011,
RSSOFTWARE,BE,51.8,51.8,50.95,50.95,50.95,51.95,6273,320309.75,06-SEP-2023,60,INE165B01029,
RSWM,EQ,215.95,216,211.6,212.75,213.25,213.7,100220,21449427.1,06-SEP-2023,3401,INE611A01016,
RSYSTEMS,EQ,494.7,529,489.1,520.3,527,491.85,295312,150930310.4,06-SEP-2023,12281,INE411H01032,
RTNINDIA,EQ,66.05,66.2,62.25,63.25,63.25,65.45,7420522,471484303.3,06-SEP-2023,27192,INE834M01019,
RTNPOWER,EQ,6.3,6.65,6.25,6.65,6.65,6.35,137014458,907799401.2,06-SEP-2023,10432,INE399K01017,
RUBYMILLS,EQ,246,246.05,240,241.45,241.6,243.6,39884,9643538.85,06-SEP-2023,1595,INE301D01026,
RUCHINFRA,BE,9.15,9.15,9.05,9.05,9.15,9.1,99819,908869.25,06-SEP-2023,246,INE413B01023,
RUCHIRA,EQ,150.9,161,150,159.9,160.3,150.85,1579199,248837466,06-SEP-2023,18710,INE803H01014,
RUPA,EQ,271.7,285.5,269.05,282.85,283.45,270.35,1331597,372959239.95,06-SEP-2023,24793,INE895B01021,
RUSHIL,EQ,302.8,307.9,296.25,297,297,302.8,130907,39321621.2,06-SEP-2023,5911,INE573K01017,
RUSTOMJEE,EQ,624,628.3,590.5,594.45,594.9,621.45,54054,32543292.55,06-SEP-2023,2546,INE263M01029,
RVHL,BE,35,35,33.75,34.4,34.8,34.95,41621,1431059.75,06-SEP-2023,206,INE09E501017,
RVNL,EQ,156.9,156.9,148,149.85,149.8,156.75,50668451,7613952404.5,06-SEP-2023,232874,INE415G01027,
S&SPOWER,BE,74.05,74.05,71,74.05,74.05,70.55,4704,347242.5,06-SEP-2023,33,INE902B01017,
SABAR,SM,24.25,25.05,24,25,25,24.5,70000,1727500,06-SEP-2023,7,INE0DZ101013,
SABEVENTS,BE,4.05,4.05,4.05,4.05,4.05,3.9,6336,25660.8,06-SEP-2023,25,INE860T01019,
SADBHAV,BE,11.5,11.5,11.4,11.5,11.5,11.5,121458,1392124.8,06-SEP-2023,128,INE226H01026,
SADBHIN,BE,3.9,3.9,3.85,3.85,3.85,3.9,67320,260154.25,06-SEP-2023,105,INE764L01010,
SADHNANIQ,EQ,75,75.95,74.25,75.2,75,74.85,80080,6015616.25,06-SEP-2023,1524,INE888C01040,
SAFARI,EQ,3780,3814,3714.55,3792.55,3803.3,3734.7,50830,191658979.35,06-SEP-2023,14301,INE429E01023,
SAGARDEEP,EQ,25.6,25.95,25,25.25,25.5,25.5,65016,1658862.95,06-SEP-2023,1414,INE976T01013,
SAGCEM,EQ,241.3,241.3,235,239.9,240.5,239.7,78885,18768474,06-SEP-2023,3193,INE229C01021,
SAH,EQ,114.5,117.05,112.6,115.2,116.2,113.6,315872,36289830.55,06-SEP-2023,2398,INE035801013,
SAHAJ,ST,31,32,29.45,30.35,30.75,30,2344000,72021400,06-SEP-2023,506,INE013901017,
SAHANA,SM,286.05,293.95,265,268.4,268,290.75,51000,14032150,06-SEP-2023,50,INE0LEX01011,
SAHYADRI,EQ,458.3,482.25,450.1,459.7,464,443.85,89636,41647940.3,06-SEP-2023,8829,INE280H01015,
SAIL,EQ,101.75,102.35,98.4,99.3,99.25,101.75,25576766,2548258395.7,06-SEP-2023,70772,INE114A01011,
SAKAR,EQ,349.35,356.15,344.2,347.4,347.1,345.4,30360,10596453.3,06-SEP-2023,1169,INE732S01012,
SAKHTISUG,EQ,30.9,32.75,30.9,31.8,31.75,30.65,4382971,140414972,06-SEP-2023,12137,INE623A01011,
SAKSOFT,EQ,348,354.45,341,347.5,343,337.6,833031,292481313.45,06-SEP-2023,11944,INE667G01023,
SAKUMA,EQ,17.35,17.5,17.05,17.3,17.1,17.25,664875,11477932,06-SEP-2023,1888,INE190H01024,
SALASAR,EQ,54.55,55.8,54,54.75,54.9,54.25,1347000,73861507.65,06-SEP-2023,4656,INE170V01027,
SALONA,EQ,262.45,294,259.35,277.55,280,257.65,29347,8130737.95,06-SEP-2023,2557,INE498E01010,
SALSTEEL,BE,16.65,17.3,16.25,16.55,16.8,17,116298,1921756.15,06-SEP-2023,465,INE658G01014,
SALZERELEC,EQ,400,405.65,394.2,400.6,401,396.25,62714,25031978.85,06-SEP-2023,5772,INE457F01013,
SAMBHAAV,BE,3.2,3.25,3.1,3.25,3.25,3.2,60047,191320.6,06-SEP-2023,87,INE699B01027,
SAMPANN,BE,19.8,19.95,19.8,19.95,19.95,19,37735,751277.3,06-SEP-2023,69,INE735M01018,
SANCO,BZ,5.2,5.7,5.2,5.65,5.7,5.45,24581,133093.35,06-SEP-2023,72,INE782L01012,
SANDESH,EQ,1066.2,1091.9,1059.1,1072.35,1070,1058.95,1882,2026923.15,06-SEP-2023,475,INE583B01015,
SANDHAR,EQ,402.95,404.5,391.45,399.05,399.9,396.3,91519,36433758.65,06-SEP-2023,6659,INE278H01035,
SANGAMIND,EQ,350.05,351.35,329.7,336.4,339.9,349.15,86119,29221126.45,06-SEP-2023,7448,INE495C01010,
SANGANI,SM,45.6,45.65,44,44.55,44,44.8,51000,2295600,06-SEP-2023,17,INE0OVI01010,
SANGHIIND,BE,114.65,114.9,112.65,113.2,112.75,112.65,503890,57206476.6,06-SEP-2023,1407,INE999B01013,
SANGHVIMOV,EQ,724.8,744,708.7,713.9,716.8,719.1,90371,65269454.25,06-SEP-2023,8466,INE989A01024,
SANGINITA,EQ,25,26.65,24,26.35,26.25,25.65,365680,9391781.55,06-SEP-2023,2409,INE753W01010,
SANOFI,EQ,7091.1,7140,7080.05,7113.9,7135,7091.4,8656,61512804.75,06-SEP-2023,2235,INE058A01010,
SANSERA,EQ,950.25,960.8,945.1,954.6,947,954.7,50336,47961570.75,06-SEP-2023,5196,INE953O01021,
SAPPHIRE,EQ,1470,1479.8,1433.05,1444.35,1444,1457.65,177398,258514384,06-SEP-2023,15476,INE806T01012,
SARDAEN,EQ,244.9,245.45,231.15,232.95,232.5,242.25,350261,82931030.15,06-SEP-2023,10909,INE385C01021,
SAREGAMA,EQ,382.55,398,382.15,391.05,397.6,382.2,732673,285706347.25,06-SEP-2023,23289,INE979A01025,
SARLAPOLY,EQ,59.4,59.9,55.7,56.35,56.45,58.6,1572012,90326731.3,06-SEP-2023,9225,INE453D01025,
SARVESHWAR,BE,141,141.4,138.05,139.1,139.95,138.7,60078,8386308.15,06-SEP-2023,1463,INE324X01018,
SASKEN,EQ,1000.35,1169.8,999.05,1102,1101.2,995.35,638930,709825071.45,06-SEP-2023,33498,INE231F01020,
SASTASUNDR,EQ,290.6,290.9,282.1,288.6,289.05,287.8,17976,5155925.55,06-SEP-2023,2498,INE019J01013,
SATIA,EQ,137.4,142.05,135.3,139.7,140.45,136.55,2707767,377406965,06-SEP-2023,17590,INE170E01023,
SATIN,EQ,206.8,211,202.5,203.9,205,205.55,346230,71090371,06-SEP-2023,5791,INE836B01017,
SATINDLTD,EQ,115,115,112,112.65,113.45,114.45,629876,71507032.7,06-SEP-2023,6682,INE065D01027,
SBC,BE,21.85,22.2,21.15,21.55,21.8,21.85,180868,3929534.35,06-SEP-2023,639,INE04AK01028,
SBCL,EQ,572.9,574.8,558,560.75,562.25,569.2,141324,79850494.3,06-SEP-2023,9268,INE386D01027,
SBFC,EQ,86,87.75,86,87,86.8,87,1599178,138969159.35,06-SEP-2023,17052,INE423Y01016,
SBGLP,EQ,320.95,325.2,310.2,314.95,316.9,319.5,19702,6235408.2,06-SEP-2023,1206,INE05ST01010,
SBICARD,EQ,835,840.65,831.8,833.1,833.5,833.8,429487,358617777.3,06-SEP-2023,13957,INE018E01016,
SBIETFCON,EQ,86.47,86.47,84.31,85.8,85.99,85.11,3610,308031.66,06-SEP-2023,91,INF200KA1X17,
SBIETFIT,EQ,338.76,341.85,336.01,338.12,337.47,338.76,10555,3567177.61,06-SEP-2023,271,INF200KA1S14,
SBIETFPB,EQ,234.5,234.5,232.6,233.59,233.6,234.83,1953,456449.95,06-SEP-2023,67,INF200KA1S22,
SBIETFQLTY,EQ,171.19,171.99,170.95,171.86,171.86,171.02,1582,271260.92,06-SEP-2023,55,INF200KA1WX6,
SBILIFE,EQ,1310,1329,1305.45,1319.8,1315.15,1309.45,1461738,1923502749.25,06-SEP-2023,40385,INE123W01016,
SBIN,EQ,574.25,574.25,568,570.5,570.95,573,20609936,11759100652.1,06-SEP-2023,337013,INE062A01020,
SCHAEFFLER,EQ,3390,3487,3372,3422.95,3400,3371.7,261398,898840299.65,06-SEP-2023,30651,INE513A01022,
SCHAND,EQ,274.3,279.95,260.25,268.6,267.5,274.25,188082,50499241.8,06-SEP-2023,9376,INE807K01035,
SCHNEIDER,EQ,362.9,362.95,356,358.9,358.05,361.05,257205,92259460,06-SEP-2023,6195,INE839M01018,
SCI,EQ,148.75,148.75,139.4,139.9,140,148.25,5509382,785188731.9,06-SEP-2023,28730,INE109A01011,
SCPL,BE,407.45,410,397,408.45,409,401.85,12311,4992358.85,06-SEP-2023,323,INE501Y01019,
SDBL,EQ,334.2,339.7,322.25,326.7,325.6,331.95,263044,86852743.9,06-SEP-2023,8966,INE480C01020,
SDL24BEES,EQ,115.56,115.74,115.56,115.73,115.73,115.72,2392,276824.94,06-SEP-2023,20,INF204KB18W4,
SDL26BEES,EQ,118.25,118.25,114.9,114.91,114.91,114.8,276451,31767177.41,06-SEP-2023,18,INF204KC1022,
SEAMECLTD,EQ,642.55,659.4,636.9,640.35,640,639.35,40910,26403789.15,06-SEP-2023,4087,INE497B01018,
SECURCRED,EQ,17.9,18,16.7,16.85,16.75,17.6,641829,10978269.05,06-SEP-2023,1336,INE195Y01010,
SECURKLOUD,EQ,40.6,41,40.55,40.8,41,40.95,27874,1139464.15,06-SEP-2023,259,INE650K01021,
SEJALLTD,BE,224.5,229,220,229,229,222,4157,930885,06-SEP-2023,45,INE955I01044,
SEL,ST,257.2,259.95,244.1,257.5,255.1,248.95,17600,4466160,06-SEP-2023,11,INE0O3O01017,
SELAN,EQ,356.7,370,352.35,355.9,355.5,352,188458,68084174.4,06-SEP-2023,8331,INE818A01017,
SELMC,BE,127.95,127.95,124.45,125,126.9,125.5,10880,1366973.9,06-SEP-2023,323,INE105I01020,
SENCO,EQ,394,404.7,392,398.55,398.05,390,462105,184617381.85,06-SEP-2023,15191,INE602W01019,
SEPC,EQ,13.65,13.9,13.05,13.1,13.2,13.45,9048804,120107313,06-SEP-2023,6985,INE964H01014,
SEQUENT,EQ,90.6,91.8,89.5,90.4,90.4,90.3,923178,83677204.3,06-SEP-2023,9813,INE807F01027,
SERVICE,SM,71.7,74,68.7,70.4,71.9,68.7,330000,23286500,06-SEP-2023,119,INE0P1Q01015,
SERVOTECH,BE,82.8,83.65,80,82,82.65,82.75,251282,20431393.8,06-SEP-2023,2794,INE782X01033,
SESHAPAPER,EQ,323.3,368.95,318,365.3,366.85,323,1716861,603432499.65,06-SEP-2023,43812,INE630A01024,
SETCO,BE,7.75,7.75,7.75,7.75,7.75,7.9,58656,454584,06-SEP-2023,83,INE878E01021,
SETF10GILT,EQ,217.5,217.75,217.25,217.74,217.74,217.74,908,197543.1,06-SEP-2023,11,INF200KA1JT1,
SETFGOLD,EQ,53.45,53.45,51.73,51.92,51.92,51.9,3855827,200040577.52,06-SEP-2023,1506,INF200KA16D8,
SETFNIF50,EQ,204.4,204.55,203.2,204.27,204.5,204.16,1471549,299515270.74,06-SEP-2023,2456,INF200KA1FS1,
SETFNIFBK,EQ,450.8,450.83,447.8,450.14,450.58,450.81,15151,6808163.05,06-SEP-2023,491,INF200KA1580,
SETFNN50,EQ,474.99,478.43,474.69,477.19,476.72,474.91,10603,5052271.48,06-SEP-2023,431,INF200KA1598,
SEYAIND,BE,24.4,24.4,24.1,24.2,24.2,24.45,2547,61619.1,06-SEP-2023,12,INE573R01012,
SFL,EQ,1140.2,1153.95,1138.3,1144.15,1147.05,1136.5,28470,32602934.95,06-SEP-2023,3413,INE916U01025,
SGBAPR28I,GB,5876,5891.89,5872,5884.02,5885,5872.54,316,1858154.61,06-SEP-2023,40,IN0020200062,
SGBAUG24,GB,5971,5971,5851,5962.36,5970,5916.6,81,480495.03,06-SEP-2023,31,IN0020160027,
SGBAUG27,GB,5945,5945,5910.05,5936.18,5912,5945,70,415749.37,06-SEP-2023,11,IN0020190107,
SGBAUG28V,GB,5900,5900,5880,5897.69,5898,5889.91,1068,6294750.62,06-SEP-2023,118,IN0020200161,
SGBAUG29V,GB,5872,5897,5870,5871,5871,5872,32,187983,06-SEP-2023,13,IN0020210129,
SGBAUG30,GB,6174.99,6174.99,5880,5907.44,5880,5907.82,308,1825947.8,06-SEP-2023,61,IN0020220078,
SGBD29VIII,GB,5960,5960,5860,5863.19,5880,5856.86,348,2042760.8,06-SEP-2023,50,IN0020210228,
SGBDC27VII,GB,5892,5892,5892,5892,5892,5900,2,11784,06-SEP-2023,1,IN0020190461,
SGBDE30III,GB,5918.87,5945,5877.02,5917.5,5915,5919.87,209,1235267.9,06-SEP-2023,39,IN0020220110,
SGBDEC2513,GB,5830.94,5830.94,5830.94,5830.94,5830.94,5984,1,5830.94,06-SEP-2023,1,IN0020170158,
SGBFEB24,GB,5909,5949,5851,5941.7,5941.7,5929,31,183312.6,06-SEP-2023,10,IN0020150101,
SGBFEB27,GB,5905,5905,5890,5890,5890,5897.95,9,53045,06-SEP-2023,8,IN0020180561,
SGBFEB29XI,GB,5895,5900,5842,5900,5900,5896.99,154,906345.12,06-SEP-2023,26,IN0020200393,
SGBJ28VIII,GB,5850,5851,5850,5851,5851,5850,48,280825,06-SEP-2023,8,IN0020190537,
SGBJAN26,GB,5865.01,5865.01,5865.01,5865.01,5865.01,5863.01,5,29325.05,06-SEP-2023,1,IN0020170166,
SGBJAN29IX,GB,5874,5910,5855,5900.9,5910,5853.74,353,2077320.86,06-SEP-2023,43,IN0020200377,
SGBJAN29X,GB,5870,5890,5855,5875,5875,5874.9,34,199802,06-SEP-2023,15,IN0020200385,
SGBJAN30IX,GB,5874.17,5889,5860.01,5887,5887,5874.17,61,358191.33,06-SEP-2023,29,IN0020210236,
SGBJU29III,GB,5880,5880,5845,5860,5860,5852.37,142,831659.04,06-SEP-2023,22,IN0020210087,
SGBJUL25,GB,5934,5934,5885,5885,5885,5935,49,288837.95,06-SEP-2023,9,IN0020170034,
SGBJUL28IV,GB,5864,5865,5845,5860.25,5860,5865.42,477,2792927.93,06-SEP-2023,82,IN0020200146,
SGBJUL29IV,GB,5860,5860,5850.15,5855.25,5858.99,5852.11,627,3672680.71,06-SEP-2023,62,IN0020210111,
SGBJUN27,GB,5870,5870,5870,5870,5870,5859.63,6,35220,06-SEP-2023,3,IN0020190073,
SGBJUN28,GB,5852.01,5879.9,5851.19,5858.4,5864,5860.19,309,1809756.08,06-SEP-2023,44,IN0020200104,
SGBJUN29II,GB,5870,5889,5852.02,5859.67,5869.99,5868.9,314,1843020.64,06-SEP-2023,34,IN0020210061,
SGBJUN30,GB,5865.05,5950,5860,5895.5,5860,5900,81,477521.1,06-SEP-2023,21,IN0020220045,
SGBJUN31I,GB,5941.9,5945,5920,5927.1,5928,5941.9,2951,17508818.41,06-SEP-2023,375,IN0020230069,
SGBMAR25,GB,5885,5979,5856.61,5932.95,5977,5930,16,94765.63,06-SEP-2023,10,IN0020160126,
SGBMAR30X,GB,5915,5940,5908,5917.35,5917.35,5917.35,79,467455.85,06-SEP-2023,20,IN0020210319,
SGBMAR31IV,GB,5911,5955,5911,5924.44,5921.16,5950.92,445,2639531.45,06-SEP-2023,73,IN0020220169,
SGBMAY25,GB,5817,5922.9,5817,5922.9,5922.9,5923.79,28,164785.96,06-SEP-2023,9,IN0020170018,
SGBMAY26,GB,5931,5931,5931,5931,5931,5930,4,23724,06-SEP-2023,4,IN0020180033,
SGBMAY28,GB,5879.97,5880,5853.01,5873.6,5873.6,5857.52,167,980615.9,06-SEP-2023,31,IN0020200088,
SGBMAY29I,GB,5865.04,5879.99,5860,5873.2,5874.99,5863,184,1080475.93,06-SEP-2023,60,IN0020210053,
SGBMR29XII,GB,5882.1,5908,5882.1,5905.33,5908,5898.8,32,188505.55,06-SEP-2023,10,IN0020200427,
SGBN28VIII,GB,5895,5900,5870,5900,5900,5868.9,328,1932818.14,06-SEP-2023,68,IN0020200286,
SGBNOV23,GB,5906.01,5950,5906.01,5950,5950,5959.04,66,390802.81,06-SEP-2023,10,IN0020150085,
SGBNOV24,GB,5948,5948,5857.01,5892.39,5899.99,5887.83,43,253363.83,06-SEP-2023,17,IN0020160076,
SGBNOV258,GB,5969.99,5969.99,5969.99,5969.99,5969.99,5915,4,23879.96,06-SEP-2023,2,IN0020170109,
SGBNOV25IX,GB,5985,5985,5985,5985,5985,5988.99,5,29925,06-SEP-2023,1,IN0020170117,
SGBNV29VII,GB,5862,5880,5852,5880,5880,5862.02,326,1915105.1,06-SEP-2023,29,IN0020210178,
SGBOC28VII,GB,5936,5936,5881,5929.41,5930,5888,208,1227667.85,06-SEP-2023,20,IN0020200203,
SGBOCT25,GB,5870.03,5870.03,5870.03,5870.03,5870.03,6048,1,5870.03,06-SEP-2023,1,IN0020170059,
SGBOCT25IV,GB,5880,5880,5880,5880,5880,5994.39,29,170520,06-SEP-2023,5,IN0020170067,
SGBOCT25V,GB,5824.54,5824.54,5824.51,5824.52,5824.51,5987,5,29122.61,06-SEP-2023,2,IN0020170075,
SGBOCT27,GB,5900,5900,5900,5900,5900,5900,1,5900,06-SEP-2023,1,IN0020190370,
SGBOCT27VI,GB,5864.83,5864.83,5862.82,5863,5863,5864.83,20,117260.21,06-SEP-2023,3,IN0020190388,
SGBSEP24,GB,5886.26,5920,5851.11,5920,5920,5886.26,22,129322.71,06-SEP-2023,9,IN0020160043,
SGBSEP27,GB,5959.94,5959.94,5959.94,5959.94,5959.94,5892,8,47679.52,06-SEP-2023,1,IN0020190115,
SGBSEP28VI,GB,5917.64,5927.5,5906,5922.99,5923,5917.64,500,2959120.29,06-SEP-2023,66,IN0020200195,
SGBSEP29VI,GB,5889.98,5889.98,5850,5861.54,5871.99,5914.55,815,4775308.43,06-SEP-2023,143,IN0020210145,
SGIL,BE,216,217,205,216.55,217,211.95,24465,5230091.9,06-SEP-2023,278,INE00QT01015,
SGL,EQ,16.05,16.2,15.5,16.05,16.2,15.8,52723,839574.05,06-SEP-2023,615,INE353H01010,
SHAH,EQ,2.95,2.95,2.75,2.75,2.8,2.9,2470265,6987310.25,06-SEP-2023,496,INE482J01021,
SHAHALLOYS,EQ,55.55,58.1,54.8,56.35,56.05,56.7,25937,1460278.95,06-SEP-2023,497,INE640C01011,
SHAILY,EQ,1770,1770,1670.05,1695.7,1691.05,1756.45,6687,11457396.75,06-SEP-2023,1783,INE151G01010,
SHAKTIPUMP,EQ,882,882.8,843,847.1,849,869.85,133899,114831338.55,06-SEP-2023,7350,INE908D01010,
SHALBY,EQ,256,258,247.25,252.95,253,254.15,829166,209314565.95,06-SEP-2023,19113,INE597J01018,
SHALPAINTS,EQ,161.1,162.5,160,161.05,161,161.1,140084,22581392.2,06-SEP-2023,1523,INE849C01026,
SHANKARA,EQ,869,894.95,858.05,860.75,860,868.8,144484,126357979.85,06-SEP-2023,8452,INE274V01019,
SHANTI,EQ,16.3,16.75,15.85,16.15,16.35,16.35,39291,638494.85,06-SEP-2023,154,INE933X01016,
SHANTIGEAR,EQ,490.95,500,481.55,487.05,488.95,488.5,77670,38241125.2,06-SEP-2023,6436,INE631A01022,
SHARDACROP,EQ,452.25,454.45,448.6,452.25,451.5,452.05,260786,117429052.7,06-SEP-2023,5617,INE221J01015,
SHARDAMOTR,EQ,1005.9,1017.95,991,1002.3,1001,1006.45,51520,51652720.2,06-SEP-2023,2220,INE597I01028,
SHAREINDIA,EQ,1368.75,1394.95,1368.75,1383.65,1380,1368.75,66330,92111491.4,06-SEP-2023,2972,INE932X01018,
SHAREINDIA,W1,849,849,830.05,848,848,835,4627,3926582.7,06-SEP-2023,33,INE932X13013,
SHARIABEES,EQ,440.81,441.08,437.96,440.23,441,440.81,1959,861111.57,06-SEP-2023,82,INF732E01128,
SHEMAROO,BE,143.05,144,138.3,138.9,140.7,143.05,26668,3751312.9,06-SEP-2023,340,INE363M01019,
SHERA,SM,147.5,147.5,141.7,142.7,144.15,145.5,76000,10898900,06-SEP-2023,32,INE0MM001019,
SHIGAN,SM,134.5,139.7,134.4,139.7,139.7,133.05,36000,4946100,06-SEP-2023,23,INE03KJ01013,
SHILPAMED,EQ,370.4,370.7,361.15,364.05,364.5,368.9,223913,81621828.15,06-SEP-2023,5915,INE790G01031,
SHIVALIK,EQ,730.75,740.8,722,730.9,724.05,723.6,9216,6731930.8,06-SEP-2023,1628,INE788J01021,
SHIVAMAUTO,EQ,34.35,39,33.1,37.85,37.8,34,3552791,129321587.05,06-SEP-2023,10295,INE637H01024,
SHIVAMILLS,EQ,75,76.3,73.25,75.1,75.35,73.95,20883,1562272.85,06-SEP-2023,348,INE644Y01017,
SHIVATEX,EQ,156.8,160,154,155.45,154,156.35,15762,2474377,06-SEP-2023,749,INE705C01020,
SHK,EQ,163,172.9,163,170.8,170.1,161.3,2635270,446391334.35,06-SEP-2023,25510,INE500L01026,
SHOPERSTOP,EQ,729.65,729.65,707.2,716.8,716.45,729.65,189820,136213470.5,06-SEP-2023,16271,INE498B01024,
SHRADHA,BE,45.55,45.55,43.5,43.7,43.5,44.65,4429,195069.15,06-SEP-2023,56,INE715Y01023,
SHREDIGCEM,EQ,98.8,99,95.25,96.15,96.7,98.25,677618,65426422.5,06-SEP-2023,5257,INE232A01011,
SHREECEM,EQ,25700,25819.65,25500,25650.3,25700,25725.05,37280,956597964.25,06-SEP-2023,9470,INE070A01015,
SHREEPUSHK,EQ,211.3,212.5,205.9,209.6,210.4,209.25,62830,13118293.9,06-SEP-2023,3132,INE712K01011,
SHREERAMA,BE,21.75,21.75,21.7,21.7,21.7,21.35,176351,3832320.2,06-SEP-2023,131,INE879A01019,
SHRENIK,EQ,0.95,1,0.9,0.95,0.95,0.9,3180384,3017358.05,06-SEP-2023,1357,INE632X01030,
SHREYANIND,BE,235.55,235.55,235.55,235.55,235.55,230.95,10614,2500127.7,06-SEP-2023,105,INE231C01019,
SHREYAS,EQ,340,340.05,335,337.8,339,335.25,14825,5002229.55,06-SEP-2023,742,INE757B01015,
SHRIPISTON,BE,1219.8,1249,1178,1183.65,1190,1221.6,24090,28966636.9,06-SEP-2023,1018,INE526E01018,
SHRIRAMFIN,EQ,1919.9,1927,1882,1892.6,1899.8,1913.5,1381672,2625001919.5,06-SEP-2023,44494,INE721A01013,
SHRIRAMFIN,YI,1035,1035,1035,1035,1035,1044.25,1,1035,06-SEP-2023,1,INE721A07NU1,
SHRIRAMFIN,YL,1040.16,1040.16,1040.16,1040.16,1040.16,1040.52,100,104016,06-SEP-2023,2,INE721A07NX5,
SHRIRAMFIN,YO,998,998,998,998,998,998,20,19960,06-SEP-2023,1,INE721A07OB9,
SHRIRAMFIN,YR,1077.1,1077.1,1077.1,1077.1,1077.1,1077.1,265,285431.5,06-SEP-2023,4,INE721A07OE3,
SHRIRAMFIN,YU,1540,1540,1537,1537.42,1537,1546.74,1255,1932520,06-SEP-2023,10,INE721A07OH6,
SHRIRAMFIN,YV,1010,1010,1010,1010,1010,1010,2,2020,06-SEP-2023,1,INE721A07OM6,
SHRIRAMFIN,Z4,1020,1020,1020,1020,1020,1020,2,2040,06-SEP-2023,1,INE721A07OZ8,
SHRIRAMFIN,Z8,1020,1020,1020,1020,1020,1008,125,127500,06-SEP-2023,1,INE721A07PD2,
SHRIRAMFIN,ZE,1008,1008,1008,1008,1008,996,2,2016,06-SEP-2023,1,INE721A07PJ9,
SHRIRAMPPS,EQ,94,95.7,92.15,92.85,92.8,93.35,4242199,399263966.1,06-SEP-2023,17915,INE217L01019,
SHRITECH,SM,94.75,94.75,91.55,92,92,95.35,54000,4999100,06-SEP-2023,27,INE0OMF01015,
SHUBHLAXMI,SM,85,91.4,84.5,90.9,91.4,88.95,38000,3357850,06-SEP-2023,34,INE01Z401013,
SHYAMCENT,EQ,20.65,21.5,20.4,21.3,21.05,20.65,767859,16165179.25,06-SEP-2023,1940,INE979R01011,
SHYAMMETL,EQ,490,492.65,478.1,482.9,485,486.5,654536,317659326.6,06-SEP-2023,14761,INE810G01011,
SHYAMTEL,EQ,6.85,7,6.85,6.9,6.9,6.45,1623,11200.4,06-SEP-2023,8,INE635A01023,
SIDDHIKA,SM,197.5,197.5,197.5,197.5,197.5,200,1000,197500,06-SEP-2023,1,INE0A1E01018,
SIEMENS,EQ,3920,3954,3897.8,3944.8,3938.75,3900.35,234195,920011800.6,06-SEP-2023,20904,INE003A01024,
SIGACHI,EQ,358.6,363.95,356.25,360.8,360.95,357.85,112606,40654975,06-SEP-2023,4949,INE0D0K01014,
SIGIND,BE,49.7,49.7,48.3,48.7,48.55,48.45,33137,1623754.85,06-SEP-2023,117,INE529F01035,
SIGMA,BE,390.65,410.4,390,406.15,404,390.9,1831,734713.4,06-SEP-2023,108,INE0A0S01010,
SIKKO,BE,60,62.4,60,60.4,60.4,61.4,19762,1198904.25,06-SEP-2023,502,INE112X01017,
SIL,BE,24.1,24.1,23.7,23.9,23.95,23.7,31600,756435.7,06-SEP-2023,268,INE173A01025,
SILGO,BE,23.45,23.95,23.3,23.55,23.75,23.4,7162,168303.05,06-SEP-2023,123,INE01II01013,
SILINV,EQ,329.1,339.45,329,335.9,337,331.7,3972,1329160.65,06-SEP-2023,193,INE923A01015,
SILLYMONKS,EQ,22.25,22.3,20.95,22.15,22.25,21.25,122546,2699993.95,06-SEP-2023,296,INE203Y01012,
SILVER,EQ,74.11,74.15,73.55,73.83,73.85,73.91,167287,12353259.96,06-SEP-2023,795,INF209KB19F6,
SILVERBEES,EQ,71.48,71.5,70.86,71.12,71.16,71.23,1732555,123435519,06-SEP-2023,6157,INF204KC1402,
SILVERETF,EQ,72.67,72.67,71.81,72.06,72.15,72.23,80541,5804798.04,06-SEP-2023,492,INF789F1AYK6,
SILVERTUC,EQ,460.85,460.85,448.05,448.45,448.05,451.4,41743,18907127.9,06-SEP-2023,6467,INE625X01018,
SILVRETF,EQ,72.51,72.51,71.81,72.36,72.39,72.47,4534,327955.38,06-SEP-2023,52,INF769K01KG6,
SIMBHALS,EQ,30.55,31.7,30.4,30.8,30.9,29.8,523240,16232333.9,06-SEP-2023,2166,INE748T01016,
SIMPLEXINF,BE,54,55.8,53.5,53.9,54,54.8,43658,2364357.2,06-SEP-2023,261,INE059B01024,
SINDHUTRAD,BE,29.95,30,28.8,29.7,29.9,30.1,110067,3248620.95,06-SEP-2023,305,INE325D01025,
SINTERCOM,EQ,128.7,128.75,125.8,128,128,128.95,2268,289716.7,06-SEP-2023,42,INE129Z01016,
SIRCA,EQ,419.8,421.6,403.6,413,415,419.8,108935,45022372.35,06-SEP-2023,8494,INE792Z01011,
SIS,EQ,470,482.35,457.9,462.1,462.5,469.75,398844,187018971.4,06-SEP-2023,10382,INE285J01028,
SITINET,BE,0.9,0.9,0.85,0.85,0.85,0.9,404501,347178.65,06-SEP-2023,258,INE965H01011,
SIYSIL,EQ,545.45,555.8,543.05,554,554.5,542.75,141016,77658169,06-SEP-2023,9636,INE076B01028,
SJS,EQ,702,705,686.55,700.6,703.4,703.15,135135,93902136.7,06-SEP-2023,8482,INE284S01014,
SJVN,EQ,64.1,64.65,61.35,62.05,62.05,64,16661114,1039063003.2,06-SEP-2023,44055,INE002L01015,
SKFINDIA,EQ,5294.95,5389.7,5269.35,5309.2,5285,5251.6,197280,1049949743.85,06-SEP-2023,9157,INE640A01023,
SKIPPER,EQ,242.5,242.8,228,231.85,231.5,239.55,498236,115693611.75,06-SEP-2023,16590,INE439E01022,
SKMEGGPROD,EQ,481.75,481.75,481.75,481.75,481.75,507.1,54138,26080981.5,06-SEP-2023,1391,INE411D01015,
SKP,SM,228,235,220,225.05,220,226.55,74000,17055600,06-SEP-2023,72,INE0KZA01016,
SKYGOLD,BE,285,285,280,280,280,283,11053,3118491.25,06-SEP-2023,90,INE01IU01018,
SMARTLINK,EQ,182.8,186.4,181,181.65,182,182.1,21157,3856306.4,06-SEP-2023,1102,INE178C01020,
SMCGLOBAL,EQ,81.25,83.2,80.7,82.65,82.5,80.8,249987,20552121.25,06-SEP-2023,1966,INE103C01036,
SMLISUZU,EQ,1264.65,1267.35,1221,1230.15,1233.8,1264.7,50455,62561256.85,06-SEP-2023,6100,INE294B01019,
SMLT,BE,251.4,251.4,243,244.8,247.5,251.4,5919,1466766.35,06-SEP-2023,147,INE017W01010,
SMSLIFE,EQ,524.9,549,516,516.7,520,517.8,4937,2578725.2,06-SEP-2023,558,INE320X01016,
SMSPHARMA,EQ,126.75,127.7,126.2,126.9,126.9,126.75,77321,9802498.95,06-SEP-2023,1192,INE812G01025,
SMVD,SM,11,11.8,11,11.8,11.8,11.25,36360,418746,06-SEP-2023,6,INE702Y01013,
SNOWMAN,EQ,56.05,57.8,55.75,56.15,56.25,55.95,4203622,238919351.85,06-SEP-2023,14508,INE734N01019,
SOBHA,EQ,613.95,616,595.5,600.7,601,610,351810,212380256.3,06-SEP-2023,13655,INE671H01015,
SOFTTECH,EQ,168,168,155,160.4,162.25,162.85,24389,3926449.55,06-SEP-2023,1965,INE728Z01015,
SOLARA,EQ,367.25,370.65,363.85,366.1,366.5,365.95,91483,33563915,06-SEP-2023,5941,INE624Z01016,
SOLARINDS,EQ,4667.95,4699.95,4580,4596.75,4602.2,4667.35,39442,182472354.1,06-SEP-2023,8328,INE343H01029,
SOLEX,SM,680,680,651,658.7,665,688,3600,2384000,06-SEP-2023,9,INE880Y01017,
SOMANYCERA,EQ,740.85,746.75,732.05,740.7,734,737.15,262243,195298622.55,06-SEP-2023,5888,INE355A01028,
SOMATEX,BE,20.45,20.45,20.45,20.45,20.45,19.5,7261,148487.45,06-SEP-2023,26,INE314C01013,
SOMICONVEY,BE,69.5,70.05,69.5,70.05,70.05,69.5,12878,899032.4,06-SEP-2023,51,INE323J01019,
SONACOMS,EQ,583.95,587,573.05,575.05,576,578.9,765700,442020186.15,06-SEP-2023,28789,INE073K01018,
SONAMCLOCK,EQ,62.35,63,60.3,61.45,61.45,61.85,23174,1435782.2,06-SEP-2023,1557,INE00LM01011,
SONATSOFTW,EQ,1098,1109.9,1090,1101.7,1100,1088.95,383612,422077729.8,06-SEP-2023,17753,INE269A01021,
SOTAC,SM,125.75,125.75,125.65,125.7,125.7,125,24000,3017220,06-SEP-2023,5,INE0O2D01012,
SOTL,EQ,319.6,325.2,318.15,323.2,324.65,319.5,97751,31518223.75,06-SEP-2023,5697,INE035D01020,
SOUTHBANK,EQ,24.15,24.15,23.75,23.85,23.9,24,22716948,543232764.45,06-SEP-2023,20455,INE683A01023,
SOUTHWEST,BE,126,127,122.3,126.75,124.05,126.05,6314,796163.6,06-SEP-2023,49,INE980Y01015,
SPAL,EQ,564.3,588.45,541,570.4,570.1,564.3,93127,52320334.6,06-SEP-2023,7963,INE212I01016,
SPANDANA,EQ,804.7,804.7,783.5,788.85,788,796.75,90984,71848699.8,06-SEP-2023,5405,INE572J01011,
SPARC,EQ,262.75,264.6,255.4,257.75,258.95,260.95,1286962,335105334.8,06-SEP-2023,16571,INE232I01014,
SPCENET,EQ,24.5,25.4,23.55,23.95,23.75,24.45,6780042,165129364.4,06-SEP-2023,2913,INE970N01027,
SPECIALITY,EQ,221.25,222.9,215.3,216.75,216.8,221.25,47333,10343902.85,06-SEP-2023,1705,INE247M01014,
SPECTRUM,SM,925,925,925,925,925,930,500,462500,06-SEP-2023,1,INE01EO01010,
SPECTSTM,SM,156,156,150,151.3,151,153.3,64000,9830240,06-SEP-2023,77,INE0OL001018,
SPENCERS,EQ,65.5,72.5,64.9,70.05,69.8,65,2769730,192952723.95,06-SEP-2023,17932,INE020801028,
SPENTEX,BZ,2.45,2.45,2.3,2.3,2.3,2.4,8050,18525.25,06-SEP-2023,23,INE376C01020,
SPIC,EQ,71.85,76.25,71.55,74.25,74.15,71.35,6407607,476388280.75,06-SEP-2023,26421,INE147A01011,
SPLIL,EQ,67.7,67.7,65.7,66,66,66.3,57355,3814208.95,06-SEP-2023,866,INE978G01016,
SPLPETRO,EQ,489.9,490,474.75,480.25,476.5,485.75,68598,32927353.3,06-SEP-2023,5753,INE663A01033,
SPMLINFRA,BE,39.3,39.3,39.3,39.3,39.3,38.55,32001,1257639.3,06-SEP-2023,25,INE937A01023,
SPORTKING,EQ,833.25,855,815,831.65,834,833.25,36495,30251999.25,06-SEP-2023,6558,INE885H01011,
SPTL,BE,1.2,1.2,1.15,1.15,1.2,1.15,1117621,1318434.65,06-SEP-2023,634,INE501W01021,
SPYL,BE,0.5,0.5,0.45,0.45,0.5,0.45,74658,34054,06-SEP-2023,25,INE268L01020,
SREEL,EQ,231.6,235.6,226.8,234,235,230.05,43449,10052621.95,06-SEP-2023,2467,INE099F01013,
SRF,EQ,2425,2465,2411.2,2454,2451.85,2419.55,682571,1670314476.35,06-SEP-2023,32222,INE647A01010,
SRGHFL,EQ,253.45,255.4,243.15,248.3,249,248.65,3157,786592.95,06-SEP-2023,613,INE559N01010,
SRHHYPOLTD,EQ,599.9,641.65,599,637.5,639.5,599,98818,61797064.75,06-SEP-2023,9580,INE917H01012,
SRIVASAVI,SM,140.1,145,140.1,141.05,141,145.05,15000,2133600,06-SEP-2023,5,INE0NPI01014,
SRPL,BE,1.6,1.6,1.6,1.6,1.6,1.65,194439,311102.4,06-SEP-2023,187,INE008Z01020,
SSFL,SM,131,132,124,126,127,133,54000,6904350,06-SEP-2023,18,INE0ON201012,
SSINFRA,SZ,3.95,3.95,3.95,3.95,3.95,4.15,6000,23700,06-SEP-2023,2,INE182Z01015,
SSWL,EQ,271.45,271.95,263,264.65,263,269.35,604664,161377710.95,06-SEP-2023,13497,INE802C01033,
STAR,EQ,453,463,453,458.7,460,453.6,353988,162110900.35,06-SEP-2023,8513,INE939A01011,
STARCEMENT,EQ,164.45,164.45,158.4,159.35,159,163.8,726401,116789929.8,06-SEP-2023,8933,INE460H01021,
STARHEALTH,EQ,646.8,651.9,642.9,649,650.1,646.3,205319,133044841.95,06-SEP-2023,11093,INE575P01011,
STARPAPER,EQ,214.85,235.5,214,231.3,231.9,213.65,1330722,301164393.95,06-SEP-2023,27111,INE733A01018,
STARTECK,BE,156.05,163.9,156.05,159.9,162.5,157.05,1605,258101.8,06-SEP-2023,18,INE992I01013,
STCINDIA,EQ,138.35,141.8,129,134,132.5,137.9,2356871,319573210.55,06-SEP-2023,21522,INE655A01013,
STEELCAS,EQ,692,693.5,646.6,650.2,653.95,699,83843,56088414.45,06-SEP-2023,10249,INE124E01020,
STEELCITY,EQ,65.4,65.8,63.7,63.95,64.15,64.7,21978,1414150.15,06-SEP-2023,403,INE395H01011,
STEELXIND,EQ,10.2,10.25,9.9,9.95,9.95,10.1,3130858,31363729.2,06-SEP-2023,3727,INE503B01021,
STEL,BE,198,211.7,198,208.15,209,207.4,7936,1632460.6,06-SEP-2023,202,INE577L01016,
STERTOOLS,EQ,385,385,376,378.35,379.9,382.85,56311,21320063.9,06-SEP-2023,4148,INE334A01023,
STLTECH,EQ,169,172.2,167.5,168.9,168.45,168.3,1693950,287618214.15,06-SEP-2023,13611,INE089C01029,
STOVEKRAFT,EQ,522,528.55,516.1,520.3,519.85,517.25,296688,154975314.85,06-SEP-2023,11794,INE00IN01015,
STYLAMIND,EQ,1897.25,1900,1861.05,1893.4,1872.55,1867.05,41660,78756169.85,06-SEP-2023,7312,INE239C01020,
STYRENIX,EQ,1075,1088.2,1061,1066.65,1065,1078.1,19923,21424937.65,06-SEP-2023,4211,INE189B01011,
SUBEXLTD,EQ,37.25,37.6,36.4,37.15,37.1,36.9,7096716,262733404.9,06-SEP-2023,12246,INE754A01055,
SUBROS,EQ,423.6,423.6,413.75,416.8,418.45,420.75,113125,47256054,06-SEP-2023,6547,INE287B01021,
SUDARSCHEM,EQ,524.7,532,520,523.85,524,517.75,227394,119511877.85,06-SEP-2023,10317,INE659A01023,
SUKHJITS,EQ,406,415.05,404.2,407.2,407.3,407.35,17165,7027419.55,06-SEP-2023,1362,INE450E01011,
SULA,EQ,485.5,488.7,484,486.2,486,484.5,502781,244266849.75,06-SEP-2023,13018,INE142Q01026,
SUMEETINDS,BE,2.6,2.6,2.6,2.6,2.6,2.5,42087,109426.2,06-SEP-2023,18,INE235C01010,
SUMICHEM,EQ,444.9,453.15,442.65,451.15,452,442.65,363587,163520299.45,06-SEP-2023,17238,INE258G01013,
SUMIT,BE,30.1,30.75,29.25,29.5,29.5,30.1,14362,425442.2,06-SEP-2023,69,INE748Z01013,
SUMMITSEC,EQ,911.5,935.15,911.5,925.9,925.55,919.4,9854,9128573.25,06-SEP-2023,1670,INE519C01017,
SUNDARAM,EQ,2.65,2.75,2.55,2.6,2.6,2.65,807238,2126056.45,06-SEP-2023,467,INE108E01023,
SUNDARMFIN,EQ,2611,2625,2590,2620.2,2620,2610.95,19804,51854932.6,06-SEP-2023,4307,INE660A01013,
SUNDARMHLD,EQ,128,128,123.5,125.45,125,126.95,285469,35746876.6,06-SEP-2023,3607,INE202Z01029,
SUNDRMBRAK,BE,527,527,506.1,510.75,512,517.8,1170,598838.05,06-SEP-2023,65,INE073D01013,
SUNDRMFAST,EQ,1308,1308.8,1281,1296.75,1292,1284.75,56166,72729747.85,06-SEP-2023,5431,INE387A01021,
SUNFLAG,EQ,207.3,207.6,203.1,205.45,204.9,206.55,321321,66058478.7,06-SEP-2023,7243,INE947A01014,
SUNPHARMA,EQ,1137,1149,1129.05,1142.35,1141.7,1131.9,2960249,3378573966,06-SEP-2023,93004,INE044A01036,
SUNTECK,EQ,369.35,378.9,367.9,377.2,376,367.5,530947,199006563,06-SEP-2023,16278,INE805D01034,
SUNTV,EQ,615.85,619.55,607,615.35,614,615.25,951048,583807779.2,06-SEP-2023,25432,INE424H01027,
SUPERHOUSE,EQ,221,221,216.35,218.55,218,218.4,17172,3760018.5,06-SEP-2023,917,INE712B01010,
SUPERSPIN,EQ,8.55,8.9,8.5,8.6,8.65,8.55,175119,1517095.45,06-SEP-2023,494,INE662A01027,
SUPRAJIT,EQ,423.6,428.85,418,422.2,421.75,421.85,127852,54047929.5,06-SEP-2023,11312,INE399C01030,
SUPREMEENG,BE,0.65,0.7,0.65,0.7,0.7,0.7,91744,61048.4,06-SEP-2023,63,INE319Z01021,
SUPREMEIND,EQ,4510,4543.4,4420.05,4455.55,4457,4502.2,203647,907177056.5,06-SEP-2023,27020,INE195A01028,
SUPREMEINF,BE,26.5,26.5,26.5,26.5,26.5,27,3144,83316,06-SEP-2023,9,INE550H01011,
SUPRIYA,EQ,280.3,288,280.3,283.8,282.9,280.3,493594,140751877.1,06-SEP-2023,10431,INE07RO01027,
SURANASOL,BE,23.9,24.25,23.3,24.05,24.05,23.95,46222,1111720.9,06-SEP-2023,448,INE272L01022,
SURANAT&P,EQ,11.75,12,11.6,11.7,11.85,11.65,184150,2168782.15,06-SEP-2023,886,INE130B01031,
SURANI,SM,220.5,220.5,220.5,220.5,220.5,210,64000,14112000,06-SEP-2023,24,INE01ZJ01015,
SURYALAXMI,EQ,66.35,68.55,66,66.35,66.1,66.35,46818,3155649.4,06-SEP-2023,1274,INE713B01026,
SURYAROSNI,EQ,1041,1094.8,1041,1077.35,1075,1048.65,582606,626103080.85,06-SEP-2023,21307,INE335A01012,
SURYODAY,EQ,172.95,173.8,164.8,166.45,166.95,171.6,880213,148184034.35,06-SEP-2023,13727,INE428Q01011,
SUTLEJTEX,EQ,57.3,58.85,55.3,57.85,58.6,56.95,345938,19634427.65,06-SEP-2023,2656,INE645H01027,
SUULD,BE,8.9,8.9,8.1,8.9,8.9,8.5,464676,4091463.2,06-SEP-2023,1005,INE591Q01016,
SUVEN,EQ,65,68.65,65,67.6,67.5,65.05,1424342,96194762.2,06-SEP-2023,6294,INE495B01038,
SUVENPHAR,EQ,509,518.65,509,517.15,515.55,507.95,249739,128330041.2,06-SEP-2023,23026,INE03QK01018,
SUVIDHAA,BE,4.7,4.7,4.5,4.7,4.7,4.5,298548,1382958.2,06-SEP-2023,533,INE018401013,
SUZLON,EQ,23.8,24.4,23.4,23.8,23.85,23.6,107987698,2571901185.8,06-SEP-2023,104500,INE040H01021,
SVLL,BE,162.7,174,160,167,167,166,1379,232783.85,06-SEP-2023,20,INE00CE01017,
SVPGLOB,BE,8.95,9,8.75,8.8,8.8,8.95,165140,1463362.6,06-SEP-2023,241,INE308E01029,
SWANENERGY,EQ,297.95,303.5,292.15,294,294,295.75,1167695,347677880.4,06-SEP-2023,16987,INE665A01038,
SWARAJ,SM,115,119.5,111.95,113.85,119.5,117.8,48000,5433800,06-SEP-2023,12,INE0GMR01016,
SWARAJENG,EQ,2063.85,2212.95,2041.55,2190.15,2200,2054.75,73082,157998750.55,06-SEP-2023,9192,INE277A01016,
SWASTIK,SM,92,92.9,91.25,91.25,91.25,91,19200,1773180,06-SEP-2023,10,INE0DGC01025,
SWELECTES,EQ,587.9,615,556.8,595.3,595,576.15,148199,87328522.75,06-SEP-2023,9815,INE409B01013,
SWSOLAR,BE,370,374,363,366.1,367.4,367.7,193982,71329134.4,06-SEP-2023,4055,INE00M201021,
SYMPHONY,EQ,902.8,904.3,893.15,899.1,900,897.8,31925,28741611.45,06-SEP-2023,2814,INE225D01027,
SYNCOMF,EQ,8.8,8.9,8.65,8.75,8.8,8.75,1660213,14528508.7,06-SEP-2023,2893,INE312C01025,
SYNGENE,EQ,811.4,845,809,839.1,839,807.7,1718654,1429078214.35,06-SEP-2023,49118,INE398R01022,
SYNOPTICS,SM,162,169.85,158,160.4,159.8,154.4,152400,24659220,06-SEP-2023,242,INE0BTR01012,
SYRMA,EQ,542.2,588,540,558,561.45,537.5,3028308,1726967246,06-SEP-2023,67030,INE0DYJ01015,
SYSTANGO,SM,273.95,285,273.95,276.2,275,273.2,46400,12875200,06-SEP-2023,28,INE0O7R01011,
TAINWALCHM,EQ,133,136,131.05,134.1,133.1,133,23973,3195904.95,06-SEP-2023,963,INE123C01018,
TAJGVK,EQ,241.75,243.85,240.1,242.25,242.4,240.7,150533,36480428.5,06-SEP-2023,4384,INE586B01026,
TAKE,EQ,24.55,24.6,23.1,23.3,23.2,24.2,681724,16109717.5,06-SEP-2023,3065,INE142I01023,
TALBROAUTO,EQ,1057.95,1059.95,1010.2,1025.05,1034.9,1049.8,51494,53207905,06-SEP-2023,6522,INE187D01011,
TANLA,EQ,1035,1080,1022,1032.4,1030,1020.55,2425634,2557368670.35,06-SEP-2023,69311,INE483C01032,
TAPIFRUIT,SM,200,202.15,198.5,202.15,202.15,192.55,18000,3604050,06-SEP-2023,12,INE0M7001010,
TARACHAND,SM,107,108.25,100,104.1,104.1,106,80000,8241500,06-SEP-2023,38,INE555Z01012,
TARAPUR,BE,5.1,5.2,5.1,5.1,5.1,5.2,10336,52713.7,06-SEP-2023,24,INE747K01017,
TARC,EQ,97,97.75,92.15,93,92.8,97,1582039,148517330.55,06-SEP-2023,7493,INE0EK901012,
TARMAT,EQ,73.45,74.85,71.1,72.25,71.7,73.2,68942,5014241.35,06-SEP-2023,1176,INE924H01018,
TARSONS,EQ,538,538.15,527,530.2,529,531.5,251517,133611496.15,06-SEP-2023,8746,INE144Z01023,
TASTYBITE,EQ,16746.2,16798.95,16413.1,16700.5,16600,16567.95,1272,21158756.7,06-SEP-2023,826,INE488B01017,
TATACAPHSG,N6,1052.55,1053.01,1052.55,1053,1053,1056,170,178969.79,06-SEP-2023,3,INE033L07GQ0,
TATACAPHSG,N8,1019.99,1019.99,1000.05,1000.05,1000.05,1019.99,280,282342.5,06-SEP-2023,8,INE033L07GS6,
TATACAPHSG,NA,1057,1057,1051,1051,1051,1057,1000,1054270,06-SEP-2023,19,INE033L07GU2,
TATACHEM,EQ,1106,1107,1078.2,1090.1,1090,1103.75,642702,700537061,06-SEP-2023,21935,INE092A01019,
TATACOFFEE,EQ,252.05,260.8,250.15,259.1,260.5,250.35,2507375,640991911.6,06-SEP-2023,22326,INE493A01027,
TATACOMM,EQ,1877.9,1890,1851,1876,1876,1866,707828,1326416196.35,06-SEP-2023,33896,INE151A01013,
TATACONSUM,EQ,845.8,883,845.5,878.9,881.05,846.3,3618782,3141879702.85,06-SEP-2023,94086,INE192A01025,
TATAELXSI,EQ,7442.25,7465,7335,7356.2,7350.05,7405.3,72454,535929263.05,06-SEP-2023,12491,INE670A01012,
TATAINVEST,EQ,2469.85,2479,2441.1,2465.75,2464.9,2459.95,30797,75816254.6,06-SEP-2023,4861,INE672A01018,
TATAMETALI,EQ,992.5,992.5,959.3,969.15,970.75,984.7,94190,91311693.25,06-SEP-2023,7225,INE056C01010,
TATAMOTORS,EQ,611.15,612.55,605.6,610.25,610.6,611.15,6520064,3968067590.8,06-SEP-2023,142267,INE155A01022,
TATAMTRDVR,EQ,404,407.95,403.5,407.2,407.5,405.05,1572678,638735501.7,06-SEP-2023,25281,IN9155A01020,
TATAPOWER,EQ,261,261.8,254.65,257.5,257.1,258.45,9250338,2380543134.45,06-SEP-2023,86467,INE245A01021,
TATASTEEL,EQ,132.4,132.4,128.2,129.6,129.45,131.7,36058850,4671465545.35,06-SEP-2023,216595,INE081A01020,
TATASTLLP,EQ,837.25,841.45,816.95,823.95,823.5,837.25,56567,46629583.05,06-SEP-2023,3182,INE674A01014,
TATVA,EQ,1690,1720,1647,1654.15,1664,1714.6,385548,640402557.6,06-SEP-2023,12999,INE0GK401011,
TBZ,EQ,120.75,123,118.9,121.3,120.9,122.05,513212,61909117.9,06-SEP-2023,6432,INE760L01018,
TCFSL,ND,1080,1080.39,1078,1079.51,1080,1078.88,13405,14473235.36,06-SEP-2023,77,INE306N07KF1,
TCFSL,NF,1137.9,1137.9,1131.95,1134.97,1134.97,1137.9,196,222637.79,06-SEP-2023,10,INE306N08292,
TCFSL,NJ,1010,1010,1005.6,1005.6,1005.6,1005,337,339209.9,06-SEP-2023,9,INE306N07LK9,
TCFSL,NL,1030,1030,1025,1025,1025,1024,456,467421,06-SEP-2023,5,INE306N07LM5,
TCI,EQ,807.4,815.2,803,814.15,815.2,806.75,16552,13427413.45,06-SEP-2023,2648,INE688A01022,
TCIEXP,EQ,1430,1434.8,1418.3,1423.05,1423,1422.65,40436,57562325.4,06-SEP-2023,3607,INE586V01016,
TCNSBRANDS,EQ,391,391.85,381.3,386.05,385.75,387.4,386522,149495851.55,06-SEP-2023,6039,INE778U01029,
TCPLPACK,EQ,1929.7,1930,1858.65,1918.55,1928.8,1905.2,17088,32640920.85,06-SEP-2023,4016,INE822C01015,
TCS,EQ,3434,3443.9,3398.1,3429.9,3421.6,3429.35,1314818,4502511185.6,06-SEP-2023,99523,INE467B01029,
TDPOWERSYS,EQ,286.3,287.8,276.4,277.8,278,283.75,1113019,313428516.95,06-SEP-2023,18779,INE419M01027,
TEAMLEASE,EQ,2649.55,2720,2592.2,2670.75,2679.7,2649.55,27222,72263992.9,06-SEP-2023,5742,INE985S01024,
TECH,EQ,33.94,33.94,32.9,33.2,33.3,33.19,82655,2732640.02,06-SEP-2023,217,INF209KB11D8,
TECHIN,BE,13,13,13,13,13,13,2809,36517,06-SEP-2023,20,INE778A01021,
TECHM,EQ,1254.55,1259.6,1235.85,1248.95,1250.5,1254.55,1753376,2186726691.35,06-SEP-2023,84611,INE669C01036,
TECHNOE,EQ,547.7,549.4,532.1,536.3,535.15,544.95,57660,31008889.95,06-SEP-2023,8068,INE285K01026,
TECILCHEM,BE,18.05,18.05,17.5,17.95,17.95,18.05,434,7712.55,06-SEP-2023,14,INE014B01011,
TEGA,EQ,976.5,976.5,951.05,965.4,965.05,967.05,86518,83492380.8,06-SEP-2023,8612,INE011K01018,
TEJASNET,EQ,893,900.45,883,887.4,886.5,888.4,498152,444262629.65,06-SEP-2023,15113,INE010J01012,
TEMBO,BE,227,227,217.3,222.7,222.7,227.65,12264,2711445.65,06-SEP-2023,103,INE869Y01010,
TERASOFT,BE,40.05,41.5,40.05,40.5,40.5,40.65,19203,780172.95,06-SEP-2023,106,INE482B01010,
TEXINFRA,EQ,83,83.25,79.95,80.75,80.85,83,470717,38127188.15,06-SEP-2023,3686,INE435C01024,
TEXMOPIPES,BE,75.3,77,75,75.6,76,75.3,102192,7741208.5,06-SEP-2023,636,INE141K01013,
TEXRAIL,EQ,158.55,158.6,150.5,152.95,152.5,158.55,2891989,443960459.25,06-SEP-2023,21664,INE621L01012,
TFCILTD,EQ,112.1,113.5,108.05,108.85,108.55,111.6,1800058,199831005.65,06-SEP-2023,9460,INE305A01015,
TFL,EQ,10.15,10.35,10,10.2,10.05,10.15,98454,998175.65,06-SEP-2023,363,INE804H01012,
TGBHOTELS,EQ,11.05,11.3,10.5,10.75,10.7,11.05,195999,2096621.25,06-SEP-2023,488,INE797H01018,
THANGAMAYL,EQ,1281.25,1349,1281.25,1333.8,1340,1281.25,92623,123107892.8,06-SEP-2023,7894,INE085J01014,
THEINVEST,EQ,79.2,79.25,76.6,78.75,78.95,78.6,8448,662124.85,06-SEP-2023,256,INE924D01017,
THEJO,SM,1725,1777,1695,1706.85,1719.95,1725,8100,14049045,06-SEP-2023,48,INE121N01019,
THEMISMED,EQ,1595,1645.95,1591.1,1601.2,1593.05,1627.95,2835,4599349.15,06-SEP-2023,559,INE083B01016,
THERMAX,EQ,2829.8,2839.95,2791.55,2832.35,2839.95,2829.8,12421,35030225.9,06-SEP-2023,3971,INE152A01029,
THOMASCOOK,BE,115,115.9,113.1,114.1,114.5,114.75,297685,33967688.75,06-SEP-2023,1200,INE332A01027,
THOMASCOTT,BE,81.55,83.7,78,78.95,80.35,81.55,4999,399589.35,06-SEP-2023,49,INE480M01011,
THYROCARE,EQ,543,564,540.4,557.25,557.3,543.2,103644,57518330.35,06-SEP-2023,7696,INE594H01019,
TI,EQ,215.7,217.4,210.05,211.45,211.55,214.3,339666,72578317.95,06-SEP-2023,7673,INE133E01013,
TIDEWATER,EQ,1201.25,1225.7,1192.1,1211.1,1214.9,1201.8,54163,65463653.35,06-SEP-2023,6555,INE484C01030,
TIIL,EQ,2157.35,2167.55,2064.05,2103.85,2117.9,2158.8,17664,37316049.25,06-SEP-2023,4040,INE545H01011,
TIINDIA,EQ,3181.45,3189,3096.05,3146.3,3145,3170.1,184200,579317658.65,06-SEP-2023,28987,INE974X01010,
TIJARIA,BE,5.5,5.7,5.35,5.55,5.55,5.5,30807,172454.25,06-SEP-2023,54,INE440L01017,
TIL,BZ,290.35,290.35,290.35,290.35,290.35,284.7,984,285704.4,06-SEP-2023,18,INE806C01018,
TIMESCAN,SM,181.7,181.7,180,181.7,181.7,173.05,7000,1268150,06-SEP-2023,6,INE0IJY01014,
TIMESGTY,EQ,68.45,68.45,66.3,66.65,66.5,67.45,25270,1701821.8,06-SEP-2023,486,INE289C01025,
TIMETECHNO,EQ,146.1,146.7,140.9,141.55,141.7,145.45,1712060,245851833.65,06-SEP-2023,9841,INE508G01029,
TIMKEN,EQ,3175,3223.05,3160.05,3202.55,3197,3152.65,107020,343086295.05,06-SEP-2023,9019,INE325A01013,
TINPLATE,EQ,412,412.7,400.8,404.55,404.45,411.3,236145,95745590.1,06-SEP-2023,4979,INE422C01014,
TIPSFILMS,BE,544.45,544.45,535.3,541.2,542,541.8,1919,1035370.8,06-SEP-2023,65,INE0LQS01015,
TIPSINDLTD,EQ,321.05,327.8,306.05,314.15,315.5,322.35,217755,68933816.65,06-SEP-2023,15355,INE716B01029,
TIRUMALCHM,EQ,241,243.3,235,237.4,236.6,242.15,600677,143275143.1,06-SEP-2023,9952,INE338A01024,
TIRUPATI,SM,192,192,192,192,192,194,1000,192000,06-SEP-2023,1,INE238Y01018,
TIRUPATIFL,BE,8.6,8.6,8.6,8.6,8.6,8.45,75319,647743.4,06-SEP-2023,147,INE319Y01024,
TITAGARH,EQ,827.45,847.1,772.25,790.85,793,823.3,1957181,1571228834.55,06-SEP-2023,79870,INE615H01020,
TITAN,EQ,3136.15,3180.55,3120.85,3176.05,3170,3136.15,1163154,3674604427.6,06-SEP-2023,71528,INE280A01028,
TMB,EQ,577.4,597.45,575.9,590.6,587.05,577.4,394399,233190317.45,06-SEP-2023,18273,INE668A01016,
TNIDETF,EQ,66.2,66.98,66.03,66.41,66.58,66.18,44325,2940729.16,06-SEP-2023,388,INF277KA1364,
TNPETRO,EQ,89.1,91.5,89.1,90.2,90.3,89.05,427788,38585455.95,06-SEP-2023,4371,INE148A01019,
TNPL,EQ,266.15,286.75,264.2,284.05,283.85,263.8,4247384,1185765937.85,06-SEP-2023,49389,INE107A01015,
TNTELE,BE,8.6,8.95,8.25,8.65,8.65,8.65,41892,363665.05,06-SEP-2023,124,INE141D01018,
TOKYOPLAST,EQ,99.25,100.45,98.95,99.2,99.2,100.05,7353,731677.7,06-SEP-2023,270,INE932C01012,
TORNTPHARM,EQ,1885,1938.35,1874.1,1922.05,1920,1873.5,1201476,2302319584,06-SEP-2023,69261,INE685A01028,
TORNTPOWER,EQ,700,709.15,685,700.15,706,701.6,309069,214939776.5,06-SEP-2023,13707,INE813H01021,
TOTAL,BE,120.1,125.8,120.1,121.65,122.85,122.7,9231,1130435.75,06-SEP-2023,98,INE336X01012,
TOUCHWOOD,BE,168.15,168.15,168.15,168.15,168.15,168.15,200,33630,06-SEP-2023,2,INE486Y01013,
TPLPLASTEH,BE,40.05,41.5,40,40.2,40.1,40.65,56411,2287909.95,06-SEP-2023,195,INE413G01022,
TRACXN,EQ,76.95,78.05,76.35,77.7,77.9,76.95,332817,25723858.15,06-SEP-2023,3929,INE0HMF01019,
TREEHOUSE,EQ,16.05,16.3,15.9,16.1,16.2,15.9,24882,400871.05,06-SEP-2023,383,INE040M01013,
TREJHARA,BE,101.1,101.1,101.1,101.1,101.1,99.15,27633,2793696.3,06-SEP-2023,120,INE00CA01015,
TREL,EQ,33.1,39.3,33.1,38,38.1,33.35,3463967,127742274.2,06-SEP-2023,12060,INE0O3901029,
TRENT,EQ,2072.2,2087.15,2051.65,2067.5,2063.95,2063.7,331114,684514480.05,06-SEP-2023,35688,INE849A01020,
TRF,EQ,233.8,236.25,227.95,229.25,228,232.85,102187,23623234.7,06-SEP-2023,4230,INE391D01019,
TRIDENT,EQ,42.8,43.35,41.15,41.55,41.55,42.65,40857598,1710210737,06-SEP-2023,74559,INE064C01022,
TRIDHYA,SM,43.3,44,42.5,43.45,44,42.35,159000,6877200,06-SEP-2023,53,INE0LWY01029,
TRIGYN,EQ,139.2,140.45,133.65,135.65,135.9,139.35,448751,61130505.5,06-SEP-2023,6852,INE948A01012,
TRIL,EQ,118.15,119.4,113.7,116.95,116.7,119.65,971225,113327377.9,06-SEP-2023,10217,INE763I01026,
TRITURBINE,EQ,391.9,393,388,390.75,390,389.3,245787,95888607.85,06-SEP-2023,10171,INE152M01016,
TRIVENI,EQ,336.25,352,334.35,348.85,347.95,334.6,3595429,1240703929.2,06-SEP-2023,52912,INE256C01024,
TRU,EQ,64.4,64.65,61.25,61.6,61.25,63.8,3027527,189456685,06-SEP-2023,9896,INE615R01029,
TTKHLTCARE,EQ,1165,1183.4,1162.95,1168.35,1168,1171,8825,10333813.6,06-SEP-2023,1659,INE910C01018,
TTKPRESTIG,EQ,813.95,832.7,805,808.15,807,813.95,120107,98170569.55,06-SEP-2023,12996,INE690A01028,
TTL,EQ,97.65,99.5,95.55,98.4,98.85,96.65,22842,2228972.3,06-SEP-2023,746,INE592B01016,
TTML,EQ,89.25,92.5,88.75,91.1,90.6,89.1,8811692,798954879.7,06-SEP-2023,33985,INE517B01013,
TV18BRDCST,EQ,50.2,50.25,48.75,49.05,49.2,50.1,10587187,522220906.7,06-SEP-2023,18789,INE886H01027,
TVSELECT,EQ,382,383.75,373.55,376.3,376.35,380.3,99876,37775991.95,06-SEP-2023,5033,INE236G01019,
TVSHLTD,BE,5466.7,5550,5390.05,5420.85,5415,5466.7,922,5013505.35,06-SEP-2023,148,INE105A01035,
TVSHLTD,P1,10.3,10.35,10.3,10.3,10.35,10.3,53872,554937.85,06-SEP-2023,57,INE105A04013,
TVSMOTOR,EQ,1459.9,1484.05,1459.15,1478.05,1471.15,1457.9,1249970,1843276115.35,06-SEP-2023,33887,INE494B01023,
TVSSCS,EQ,200,203.7,199.75,201.05,200.7,200.05,557607,112222640.85,06-SEP-2023,7773,INE395N01027,
TVSSRICHAK,EQ,2970,2981.95,2909,2934.2,2923,2973.8,11830,34718494.45,06-SEP-2023,2341,INE421C01016,
TVTODAY,EQ,229.5,232.2,225.95,227.8,227,229.5,160700,36755901.2,06-SEP-2023,4466,INE038F01029,
TVVISION,EQ,3.15,3.15,3.05,3.05,3.05,3,9796,30257.4,06-SEP-2023,17,INE871L01013,
UBL,EQ,1586.45,1605,1577,1581.55,1582,1575.3,266215,422526700.55,06-SEP-2023,14232,INE686F01025,
UCAL,BE,140.9,141.85,138.2,139.05,138.55,137.55,14654,2043949.3,06-SEP-2023,148,INE139B01016,
UCOBANK,EQ,34.6,34.65,33.5,33.8,33.85,34.4,18257720,618567769,06-SEP-2023,26192,INE691A01018,
UDAICEMENT,EQ,33.7,34,32.5,33.5,33.8,33.75,1331226,44416576.3,06-SEP-2023,4650,INE225C01029,
UFLEX,EQ,468.4,468.8,457,459.15,460,466.55,137334,63435377.1,06-SEP-2023,3241,INE516A01017,
UFO,BE,110.4,112.4,108.2,109.55,109.8,109.3,120394,13281262.7,06-SEP-2023,553,INE527H01019,
UGARSUGAR,EQ,111.3,120.2,111.3,116.1,116.4,110.5,1857102,216510481.1,06-SEP-2023,18533,INE071E01023,
UGROCAP,EQ,306.7,307.35,296,297.65,297.9,305.2,375466,112418210.6,06-SEP-2023,12043,INE583D01011,
UGROCAP,N4,995,995,995,995,995,990,25,24875,06-SEP-2023,1,INE583D07265,
UGROCAP,N5,1004,1013.5,1004,1013.49,1013.49,991.03,200,201711.84,06-SEP-2023,6,INE583D07299,
UGROCAP,N7,1001,1001,1001,1001,1001,1000,5,5005,06-SEP-2023,1,INE583D07315,
UJAAS,BE,2.5,2.5,2.4,2.5,2.5,2.4,366617,916445.25,06-SEP-2023,198,INE899L01022,
UJJIVAN,EQ,496.3,510.9,496.3,503.35,502,498.5,682632,344607051.25,06-SEP-2023,18732,INE334L01012,
UJJIVANSFB,EQ,49.5,50.8,49.45,50.05,50.15,49.35,15012164,752624557.8,06-SEP-2023,28650,INE551W01018,
ULTRACEMCO,EQ,8484.85,8556.8,8444.1,8537.4,8550,8454.85,327847,2787715251.3,06-SEP-2023,44875,INE481G01011,
UMA,SM,41.85,46.9,40.7,43.55,43.8,41.8,500000,22091800,06-SEP-2023,121,INE067901012,
UMAEXPORTS,BE,48,48,46.9,47.65,47.7,47.35,37396,1769838.2,06-SEP-2023,479,INE0GIU01018,
UMANGDAIRY,EQ,76.1,77.8,72.45,75.3,75.9,75.8,72239,5476354.55,06-SEP-2023,1268,INE864B01027,
UMESLTD,EQ,4.85,5.55,4.85,5.55,5.55,4.65,1339621,7241238.25,06-SEP-2023,1676,INE240C01028,
UNICHEMLAB,EQ,418.9,424.9,416.35,424.25,424.5,418.4,314581,132432974.25,06-SEP-2023,2566,INE351A01035,
UNIDT,EQ,238.35,265.45,230.15,252.95,253.2,234.4,345514,86944732.85,06-SEP-2023,12723,INE961D01019,
UNIENTER,EQ,176.65,180,173,174.8,174,174.9,27949,4941119.2,06-SEP-2023,2147,INE037A01022,
UNIINFO,BE,27.25,27.25,26.05,26.45,26.05,26.85,10851,290934.3,06-SEP-2023,41,INE481Z01011,
UNIONBANK,EQ,90.3,90.35,87.75,88,88.15,89.85,12354854,1095564893.95,06-SEP-2023,42032,INE692A01016,
UNIPARTS,EQ,640.7,641.85,620.1,627,627.7,639.05,96107,60442458.15,06-SEP-2023,6747,INE244O01017,
UNITECH,BZ,2.1,2.1,2.1,2.1,2.1,2,703904,1478198.4,06-SEP-2023,284,INE694A01020,
UNITEDPOLY,BE,106.95,106.95,105.5,106,106,107,549,58246.15,06-SEP-2023,12,INE368U01011,
UNITEDTEA,EQ,318.25,332.45,318.1,324.5,325,319.5,10383,3370334.15,06-SEP-2023,1078,INE458F01011,
UNIVAFOODS,BE,4.2,4.2,4,4.2,4.2,4.2,4050,16300,06-SEP-2023,8,INE275F01019,
UNIVASTU,EQ,104,104.95,101.05,101.85,101.25,102.35,35503,3653002.35,06-SEP-2023,774,INE562X01013,
UNIVCABLES,EQ,507.75,511.95,490,498.6,495.65,504.25,73885,36935061.35,06-SEP-2023,5778,INE279A01012,
UNIVPHOTO,EQ,407.95,407.95,390.1,399.95,399,400.95,1379,550335.4,06-SEP-2023,238,INE03V001013,
UNOMINDA,EQ,637,639.3,622,624.1,625,631.1,266224,167495541.15,06-SEP-2023,13177,INE405E01023,
UPL,EQ,609,611,603.85,609.35,609.3,608.05,2896499,1760354013.7,06-SEP-2023,60049,INE628A01036,
URAVI,EQ,249.95,249.95,249.95,249.95,249.95,249,1,249.95,06-SEP-2023,1,INE568Z01015,
URBAN,SM,137.8,140.5,132.25,137.9,140.5,139.2,57600,7716120,06-SEP-2023,48,INE0O0201019,
URJA,EQ,10.35,10.5,9.95,10.05,10.05,10.25,9578670,97041497.4,06-SEP-2023,9516,INE550C01020,
USASEEDS,SM,411,424,405,411,411,403.65,3600,1488615,06-SEP-2023,12,INE0CBM01019,
USHAMART,EQ,349,351.4,346.85,350.05,350.4,350.4,630403,220133469.1,06-SEP-2023,20122,INE228A01035,
USK,EQ,32.5,38.85,32.4,38.8,38.85,32.4,5566245,203129262.25,06-SEP-2023,22163,INE0N0Y01013,
UTIAMC,EQ,780,786.05,779,782.1,782.25,773.85,88793,69471915.95,06-SEP-2023,6097,INE094J01016,
UTIBANKETF,EQ,45.74,45.74,44.82,45.15,45.3,45.34,40164,1814439.47,06-SEP-2023,598,INF789F1AUV1,
UTINEXT50,EQ,47.96,48.05,47.51,47.98,48.04,47.77,13209,633192.54,06-SEP-2023,198,INF789F1AUW9,
UTINIFTETF,EQ,2102.41,2106,2092.01,2101.22,2102.1,2102.34,1132,2376162.63,06-SEP-2023,61,INF789FB1X41,
UTISENSETF,EQ,707.3,707.3,702.25,706.02,706.4,707.76,455,320825.64,06-SEP-2023,57,INF789FB1X58,
UTISXN50,EQ,59.9,60.28,59.85,60.27,60.27,59.76,172,10345.25,06-SEP-2023,24,INF789F1AUU3,
UTKARSHBNK,EQ,48.65,48.65,47.95,48.1,48.15,48.5,1622237,78150707.4,06-SEP-2023,7656,INE735W01017,
UTTAMSUGAR,EQ,406.5,444.25,405,420.65,420.3,399.75,1461534,630019021.1,06-SEP-2023,42518,INE786F01031,
V2RETAIL,BE,142.55,142.55,140,140,140,142.85,6573,925498.5,06-SEP-2023,37,INE945H01013,
VADILALIND,EQ,2698,2700,2622,2653,2675,2667.5,8099,21509794.05,06-SEP-2023,2504,INE694D01016,
VAIBHAVGBL,EQ,444.05,445.3,428,435.65,436,444.05,359406,156728107.55,06-SEP-2023,17182,INE884A01027,
VAISHALI,EQ,128.4,128.4,124.6,124.95,124.9,126.85,52692,6639819.35,06-SEP-2023,910,INE972X01014,
VAKRANGEE,EQ,16.15,16.65,15.95,16.1,16.1,16.05,9870337,160099547.95,06-SEP-2023,12226,INE051B01021,
VALIANTORG,EQ,508,508,499.5,500.65,499.5,502.75,46552,23380745.2,06-SEP-2023,4464,INE565V01010,
VARDHACRLC,EQ,57.95,57.95,55.1,55.6,55.7,56.85,129856,7287391.2,06-SEP-2023,1405,INE116G01013,
VARDMNPOLY,BE,61.85,61.85,61.85,61.85,61.85,60.65,9530,589430.5,06-SEP-2023,28,INE835A01011,
VARROC,EQ,421.85,427.8,412.15,418.35,416.5,421.85,208339,87154425.65,06-SEP-2023,10601,INE665L01035,
VASA,SM,6.4,6.45,5.85,6.45,6.45,6.15,48000,300400,06-SEP-2023,10,INE068Z01016,
VASCONEQ,EQ,59.4,59.95,57.45,58.3,58.5,59.4,1552259,90873094.9,06-SEP-2023,8869,INE893I01013,
VASWANI,EQ,27.5,28.55,27.1,28.35,28.5,27.45,252578,7115341.85,06-SEP-2023,1606,INE590L01019,
VBL,EQ,935.8,937.25,907.05,925.5,925,935.8,1148148,1058959735.6,06-SEP-2023,44913,INE200M01021,
VCL,BE,2.2,2.2,2.1,2.15,2.2,2.2,188046,407444.1,06-SEP-2023,267,INE098201036,
VEDL,EQ,245.05,246.55,240.2,241.35,241.45,241.4,10891500,2645418401.95,06-SEP-2023,88129,INE205A01025,
VEEKAYEM,SM,80,81.35,80,80.9,80.5,80.5,20000,1611600,06-SEP-2023,5,INE0KTW01013,
VELS,SM,147,147,139.65,141.4,141,146.75,31200,4445700,06-SEP-2023,24,INE0I3H01019,
VENKEYS,EQ,1973,1983.65,1960,1969.35,1968.35,1962.1,19935,39249669.9,06-SEP-2023,2605,INE398A01010,
VENUSPIPES,EQ,1554.85,1569,1548,1559,1555,1547.55,121311,189024773.45,06-SEP-2023,9882,INE0JA001018,
VENUSREM,BE,230.5,240,230.5,237.05,238,236.25,10587,2475681.35,06-SEP-2023,131,INE411B01019,
VERANDA,EQ,198.4,203,195,201.35,202,195.6,129905,25946546.55,06-SEP-2023,3285,INE0IQ001011,
VERTOZ,BE,257.85,260.9,255.05,260.9,260.9,257.9,16158,4198948.2,06-SEP-2023,115,INE188Y01015,
VESUVIUS,EQ,3342.1,3384.8,3300,3308.5,3319,3331.15,30112,100137243.05,06-SEP-2023,2503,INE386A01015,
VETO,EQ,138.35,142.9,135,140.7,140.9,137.25,388596,54083399.6,06-SEP-2023,5033,INE918N01018,
VGUARD,EQ,316.3,316.7,310.05,314.7,315,314.9,226203,71020324,06-SEP-2023,10857,INE951I01027,
VHL,EQ,3035.95,3035.95,2975.1,3003.3,3004.8,2991.5,896,2691123.9,06-SEP-2023,292,INE701A01023,
VIAZ,SM,49.1,50,48,49.25,49.25,49.5,14000,684700,06-SEP-2023,7,INE0MO401019,
VICEROY,BZ,2.9,3,2.9,3,3,2.9,36587,109753,06-SEP-2023,22,INE048C01017,
VIDHIING,EQ,437.15,440.9,427,427.55,427.65,433.7,37914,16419104.35,06-SEP-2023,3158,INE632C01026,
VIJAYA,EQ,500,502.95,481.2,483.1,483.2,495,312690,154453900.1,06-SEP-2023,7708,INE043W01024,
VIJIFIN,BE,2.15,2.15,2,2.1,2.1,2.1,135062,279439.35,06-SEP-2023,267,INE159N01027,
VIKASECO,EQ,3.25,3.35,3.25,3.25,3.3,3.25,11847493,38859014.05,06-SEP-2023,5977,INE806A01020,
VIKASLIFE,EQ,4.7,4.9,4.65,4.75,4.8,4.6,29410686,139405187.1,06-SEP-2023,16715,INE161L01027,
VILINBIO,SM,23,23,22.95,22.95,22.95,23,8000,183800,06-SEP-2023,2,INE0L4V01013,
VIMTALABS,EQ,577.05,580,571.55,577.65,580,571.35,18477,10636346.25,06-SEP-2023,2080,INE579C01029,
VINATIORGA,EQ,1935,1944,1897.75,1918.35,1914,1925.4,61101,117520644.4,06-SEP-2023,8894,INE410B01037,
VINDHYATEL,EQ,2540,2574,2423.9,2437.45,2449.9,2489.35,52183,130759074.3,06-SEP-2023,7623,INE707A01012,
VINEETLAB,EQ,54.7,56.8,53.5,54.9,55.8,54.55,94311,5206757.05,06-SEP-2023,2057,INE505Y01010,
VINNY,BE,3.15,3.15,3.1,3.1,3.1,3.1,158016,495656.45,06-SEP-2023,239,INE01KI01027,
VINSYS,SM,348,350,316.05,321.45,325,342.75,90000,29922700,06-SEP-2023,85,INE0OSJ01014,
VINYLINDIA,EQ,480.3,503.05,479.65,486.4,485.05,479.95,167490,82398679.65,06-SEP-2023,11776,INE250B01029,
VIPCLOTHNG,BE,49,49.5,47.15,47.5,47.5,48.5,150222,7232447.95,06-SEP-2023,389,INE450G01024,
VIPIND,EQ,706,716.9,691.6,708.25,706,700.45,1868400,1320047017.35,06-SEP-2023,35881,INE054A01027,
VIPULLTD,EQ,15.5,16.45,14.2,15.55,15.7,15.5,63072,987152.95,06-SEP-2023,394,INE946H01037,
VIRINCHI,BE,36.7,36.7,36.7,36.7,36.7,36,20911,767433.7,06-SEP-2023,58,INE539B01017,
VISAKAIND,EQ,93.1,94,89.75,90.75,91.3,92.5,621342,56697894.05,06-SEP-2023,6367,INE392A01021,
VISESHINFO,EQ,0.45,0.45,0.4,0.4,0.45,0.45,6118978,2595360.3,06-SEP-2023,3594,INE861A01058,
VISHAL,EQ,18.9,19.05,18.1,18.3,18.2,18.65,600619,11119071.5,06-SEP-2023,2083,INE755Q01025,
VISHNU,EQ,338.35,359,335.9,354.5,355.05,335.4,604804,211366654.3,06-SEP-2023,22901,INE270I01022,
VISHWARAJ,EQ,18.95,19.85,18.95,19.45,19.55,18.75,4677494,91120705.95,06-SEP-2023,9075,INE430N01022,
VITAL,SM,112,113,107.1,108.95,111.3,112.05,49200,5407200,06-SEP-2023,39,INE0L4K01016,
VIVIANA,SM,161.1,172.75,161.1,172.55,172.55,166.4,14000,2368100,06-SEP-2023,7,INE0MEG01014,
VIVIDHA,EQ,1,1,0.95,0.95,1,1,612386,593921.65,06-SEP-2023,662,INE370E01029,
VIVO,SM,110,110,110,110,110,111,1600,176000,06-SEP-2023,1,INE0IA701014,
VLEGOV,EQ,37.5,37.7,36.9,37.15,37.05,37.45,265683,9922631.35,06-SEP-2023,2411,INE03HW01020,
VLSFINANCE,EQ,214.65,216.95,209,210.4,210.7,213.35,102576,21747562.6,06-SEP-2023,3153,INE709A01018,
VMARCIND,SM,138.55,142.45,135,135,135,137,72000,10006950,06-SEP-2023,23,INE0GXK01018,
VMART,EQ,2206.65,2212.95,2140.2,2175.8,2200.1,2195.65,41472,89782200.95,06-SEP-2023,7925,INE665J01013,
VOLTAMP,EQ,5647,5647,5460,5494.2,5496,5647.15,19049,105279450.2,06-SEP-2023,5375,INE540H01012,
VOLTAS,EQ,890,908.5,882,896.6,896,866.7,5127245,4592761271.65,06-SEP-2023,101410,INE226A01021,
VPRPL,EQ,149.7,173.3,146.15,163.5,164.8,145.7,30128793,4881109865.85,06-SEP-2023,192936,INE0AE001013,
VRLLOG,EQ,679.1,682.5,670.6,677.3,678.95,679.1,428963,289717588.65,06-SEP-2023,12464,INE366I01010,
VSSL,EQ,214.8,234,213.9,227.4,225.7,213.6,334731,75047070.65,06-SEP-2023,9113,INE050M01012,
VSTIND,EQ,3547.3,3561.6,3470,3489.55,3490.05,3543.85,8403,29346940.15,06-SEP-2023,2260,INE710A01016,
VSTTILLERS,EQ,3738,3764.9,3651.15,3689.35,3700,3692,14244,52774046.6,06-SEP-2023,3490,INE764D01017,
VTL,EQ,418.45,418.95,404.9,408.55,407.65,414.4,260754,106881314.05,06-SEP-2023,11021,INE825A01020,
WABAG,EQ,497,499.5,488.15,492.8,493.6,497.15,164660,81146035.6,06-SEP-2023,8585,INE956G01038,
WALCHANNAG,BE,134.7,134.7,134.7,134.7,134.7,137.45,91975,12389032.5,06-SEP-2023,370,INE711A01022,
WANBURY,BE,60.15,60.15,59.15,60.15,60.15,57.3,48184,2897756,06-SEP-2023,116,INE107F01022,
WATERBASE,EQ,87.9,89,85.6,86.5,86.9,87.8,109895,9600750.5,06-SEP-2023,2411,INE054C01015,
WEALTH,EQ,314.15,320,311.65,314.8,315,309.4,1687,534446.25,06-SEP-2023,203,INE658T01017,
WEBELSOLAR,EQ,124,125.15,120,120.45,120.5,124.05,131147,15999437.35,06-SEP-2023,2266,INE855C01015,
WEIZMANIND,BE,95,95,91,91.45,91.45,91.55,3131,290358.05,06-SEP-2023,54,INE080A01014,
WEL,BE,303.9,310.9,293,293.7,298.6,297.9,566,168662.85,06-SEP-2023,35,INE02WG01016,
WELCORP,EQ,334.75,346.4,332.75,343.7,343.5,333,2847065,974944391.2,06-SEP-2023,23655,INE191B01025,
WELENT,EQ,274.05,278.3,272.5,273.75,273.05,274.3,154984,42577327,06-SEP-2023,5390,INE625G01013,
WELINV,BE,499,500,482,482,482,480.95,915,446680.25,06-SEP-2023,22,INE389K01018,
WELSPUNIND,EQ,125.05,129.5,124.5,125.7,125.7,123.85,3955487,503694741.7,06-SEP-2023,27558,INE192B01031,
WENDT,EQ,14999.85,14999.85,14500,14517.35,14528,14935.1,1212,17723715.35,06-SEP-2023,689,INE274C01019,
WESTLIFE,EQ,977.95,985,952,955.85,952.2,973,187849,180576251.45,06-SEP-2023,15380,INE274F01020,
WEWIN,BE,81.4,81.4,81.4,81.4,81.4,77.55,3643,296540.2,06-SEP-2023,31,INE082W01014,
WHEELS,EQ,738,774.75,726.25,743.75,741.1,735.25,120825,90288151.55,06-SEP-2023,7212,INE715A01015,
WHIRLPOOL,EQ,1664.4,1679.95,1643.75,1666.4,1664,1664.45,92843,154486326.7,06-SEP-2023,6729,INE716A01013,
WILLAMAGOR,BE,20.45,21.05,20,20.55,20.5,20.45,11837,239988.15,06-SEP-2023,48,INE210A01017,
WINDLAS,EQ,389.65,389.65,372.8,376.2,375.1,387.75,64220,24318809.6,06-SEP-2023,8161,INE0H5O01029,
WINDMACHIN,BE,64,64,63.5,63.5,63.5,64,21891,1395224.75,06-SEP-2023,72,INE052A01021,
WIPL,BE,140,140,140,140,140,140,2096,293440,06-SEP-2023,6,INE215F01023,
WIPRO,EQ,433.75,435.55,425.9,429.3,429,431.85,6765956,2905444337.7,06-SEP-2023,113366,INE075A01022,
WOCKPHARMA,EQ,244.25,253.5,242.3,248.1,248.05,244,1494331,371262509.5,06-SEP-2023,19360,INE049B01025,
WONDERLA,EQ,636.8,636.95,623.4,628.9,625.15,632,83300,52555325.3,06-SEP-2023,4339,INE066O01014,
WORTH,EQ,116.1,124.75,116.1,120.05,118.75,116.8,132285,16102050.85,06-SEP-2023,3212,INE196Y01018,
WSI,BE,107.1,109.6,107.1,107.1,107.1,109.25,28832,3101807.2,06-SEP-2023,71,INE100D01014,
WSTCSTPAPR,EQ,660,749,660,739.55,737.55,656,3238432,2316268200.05,06-SEP-2023,72099,INE976A01021,
XCHANGING,EQ,93.75,94.5,92.25,92.95,93.5,93.25,210584,19648373.7,06-SEP-2023,3194,INE692G01013,
XELPMOC,EQ,90.3,90.3,88.2,89.55,89.1,88.35,40059,3571103.9,06-SEP-2023,1064,INE01P501012,
XPROINDIA,EQ,955,960,936,946.5,950.95,950,32311,30668613,06-SEP-2023,3563,INE445C01015,
YAARI,BE,11.5,11.65,11.4,11.4,11.4,11.6,135981,1552849.6,06-SEP-2023,172,INE126M01010,
YASHO,EQ,1791.55,1809.95,1762.3,1790.95,1783.2,1802.05,4853,8668461.55,06-SEP-2023,1110,INE616Z01012,
YATHARTH,EQ,370.5,375.7,364.5,367.2,366.15,369.7,225573,83054263.9,06-SEP-2023,10181,INE0JO301016,
YCCL,SM,36.5,36.5,35.8,35.95,35.95,36.2,45000,1621800,06-SEP-2023,15,INE08S201019,
YESBANK,EQ,18.15,18.3,17.9,18,18,18.15,168431922,3040930279.35,06-SEP-2023,73995,INE528G01035,
YUDIZ,SM,197,210,197,197.45,199,201.35,100000,20148680,06-SEP-2023,122,INE09FA01019,
YUKEN,EQ,731.3,740,706,719.7,713.75,734.25,13692,9874057.55,06-SEP-2023,817,INE384C01016,
ZEAL,SM,239,239,225,226.15,226.15,234.35,16800,3915300,06-SEP-2023,14,INE0PPS01018,
ZEEL,EQ,274,282,269.4,277.25,277.85,274.9,19205621,5323221502.6,06-SEP-2023,104262,INE256A01028,
ZEELEARN,BE,4.35,4.35,4.35,4.35,4.35,4.3,44651,194231.85,06-SEP-2023,63,INE565L01011,
ZEEMEDIA,EQ,13.55,13.55,12.9,13,12.9,13.6,13257243,174695014.35,06-SEP-2023,8734,INE966H01019,
ZENITHEXPO,BE,104.35,104.35,104.35,104.35,104.35,104.6,105,10956.75,06-SEP-2023,2,INE058B01018,
ZENITHSTL,BE,4,4.05,3.9,3.95,4,3.95,101549,406541.1,06-SEP-2023,270,INE318D01020,
ZENSARTECH,EQ,561.8,575,543.95,547.5,547,558.9,1955037,1090128694.55,06-SEP-2023,45877,INE520A01027,
ZENTEC,BE,844.8,844.8,831,833.05,834.95,835.5,108421,90840014.2,06-SEP-2023,4964,INE251B01027,
ZFCVINDIA,EQ,15554,16766,14911.05,15170.15,15145,15349.85,75362,1201148156.5,06-SEP-2023,27347,INE342J01019,
ZIMLAB,EQ,129.4,129.85,125.3,127.1,127.55,128.4,193228,24595575.5,06-SEP-2023,3355,INE518E01015,
ZODIAC,BE,124.5,126.75,123.55,125.6,126,125.45,8346,1044491.2,06-SEP-2023,354,INE761Y01019,
ZODIACLOTH,EQ,115,115.85,113.2,114.1,114.55,113.9,23131,2653647,06-SEP-2023,639,INE206B01013,
ZOMATO,EQ,98.4,98.85,97.65,98.2,98,98.2,28329667,2782429349.5,06-SEP-2023,92660,INE758T01015,
ZOTA,EQ,424.05,424.05,412,422.65,420,423.9,53712,22524036.15,06-SEP-2023,4264,INE358U01012,
ZUARI,EQ,161,166,160.5,164,164,160.05,373210,61136818.4,06-SEP-2023,6216,INE840M01016,
ZUARIIND,EQ,144.25,153.4,144.25,151.4,151.6,143.95,211120,31678814.35,06-SEP-2023,4598,INE217A01012,
ZYDUSLIFE,EQ,638,643.95,634.4,636.4,636.3,634.05,943628,601703404.95,06-SEP-2023,26565,INE010B01027,
ZYDUSWELL,EQ,1622.45,1648.95,1611.1,1645.15,1641.5,1619.75,35030,57240360.35,06-SEP-2023,4257,INE768C01010,
