SYMBOL,SERIES,OPEN,HIGH,LOW,CLOSE,LAST,PREVCLOSE,TOTTRDQTY,TOTTRDVAL,TIMESTAMP,
20MICRONS,EQ,39.95,39.95,38.05,38.35,38.4,39,6680,256448.95,09-MAR-2011,
3IINFOTECH,EQ,42.2,42.7,41.55,42.35,42.35,42.2,510331,21534759.2,09-MAR-2011,
3MINDIA,EQ,3217.45,3259.5,3211,3249.1,3259.5,3214.95,48,155696.7,09-MAR-2011,
A2ZMES,EQ,267.3,275,266,269.15,267.2,266.9,528253,141668791.65,09-MAR-2011,
AARTIDRUGS,EQ,129.8,131,129.1,129.95,129.15,129.8,1790,232507.85,09-MAR-2011,
AARTIIND,EQ,50.25,52.25,50.25,51.6,51.9,50.85,117952,6041402.35,09-MAR-2011,
AARVEEDEN,EQ,62,62,59,59.1,59.2,60.1,1893,113316.8,09-MAR-2011,
ABAN,EQ,619.05,625.8,605,617.35,616.5,617.4,1265171,778100375.75,09-MAR-2011,
ABB,EQ,715.05,736,714.2,726.2,733.5,713.05,80910,58418071.4,09-MAR-2011,
ABBOTINDIA,EQ,1268,1284.9,1260,1265.05,1267,1261.85,676,862173.25,09-MAR-2011,
ABCIL,EQ,133.7,135.1,132.15,133.05,132.35,134.55,1414,188063.05,09-MAR-2011,
ABGSHIP,EQ,358.4,362.8,353.4,358.2,358.75,354.95,252383,90532784.3,09-MAR-2011,
ABHISHEK,EQ,16.5,16.5,16.15,16.4,16.4,16.3,617,10044.45,09-MAR-2011,
ABIRLANUVO,EQ,763,775,758.7,762.7,762.9,758.85,67356,51616468.25,09-MAR-2011,
ABSHEKINDS,EQ,13.65,14.2,13.65,13.95,13.85,13.75,74969,1048806.45,09-MAR-2011,
ACC,EQ,994.95,1009.45,990.1,1004.45,1005,988.3,140853,140480541.4,09-MAR-2011,
ACE,EQ,40.75,41.75,40.2,40.8,40.55,40.55,137097,5602588.35,09-MAR-2011,
ACKRUTI,EQ,229.15,240.8,224.5,232.65,232.1,228.1,144560,33867418.95,09-MAR-2011,
ADANIENT,EQ,595.4,602.9,591.05,592.85,592.1,593.8,436964,259602452.9,09-MAR-2011,
ADANIPOWER,EQ,111,112.4,108.6,111.85,111.95,111.45,1629307,181149922.9,09-MAR-2011,
ADFFOODS,EQ,59,59.7,58.15,59.05,59,58.75,2866,168796.3,09-MAR-2011,
ADHUNIK,EQ,99.25,101.3,97.5,100.55,100.65,99.1,179282,17841612.75,09-MAR-2011,
ADORWELD,EQ,168.65,169.95,165,167.1,167,168.25,3671,611085.35,09-MAR-2011,
ADSL,EQ,84.5,85.5,83.5,84.6,84.75,83.9,348394,29449084.65,09-MAR-2011,
ADVANIHOTR,EQ,35.25,35.25,35.25,35.25,35.25,35.3,500,17625,09-MAR-2011,
ADVANTA,EQ,325.45,330.75,315.45,318,315.45,319.75,837,267886.35,09-MAR-2011,
AEGISCHEM,EQ,287.05,289.8,286.3,288,287.5,287.2,17516,5044817.35,09-MAR-2011,
AFL,EQ,41.6,42.5,41.4,41.45,41.4,41.55,825,34297.5,09-MAR-2011,
AFTEK,EQ,12.4,12.9,12.05,12.75,12.7,12.35,676110,8483636.7,09-MAR-2011,
AGCNET,EQ,165.4,172,165.1,168.95,168.95,166.65,895,150228.4,09-MAR-2011,
AGRE,EQ,45.3,46.4,43.15,44.2,44.1,45.75,78653,3608889.65,09-MAR-2011,
AGRODUTCH,EQ,10.1,10.6,9.9,10,10,10.2,28098,283937.7,09-MAR-2011,
AHLEAST,EQ,282.1,285.8,273.05,284.65,284.9,282.05,626,175439.35,09-MAR-2011,
AHLUCONT,EQ,120.1,123.5,120.1,122.1,123.5,121,8087,983942.4,09-MAR-2011,
AHLWEST,EQ,207.5,221.2,207.5,209.75,208.15,215.95,11128,2350101.8,09-MAR-2011,
AHMEDFORGE,EQ,140,140,137.5,138.5,137.5,137,3354,465221.05,09-MAR-2011,
AIAENG,EQ,320,324.55,315.2,318.15,319,319.8,11230,3576068.4,09-MAR-2011,
AICHAMP,BE,28.7,28.7,28.65,28.65,28.65,27.4,22,631.35,09-MAR-2011,
AJANTPHARM,EQ,203.05,204.4,198.4,200.75,200.05,202.3,18083,3639854.65,09-MAR-2011,
AJMERA,EQ,165.8,166,162,163,162.8,162.95,14976,2446367.5,09-MAR-2011,
AKSHOPTFBR,EQ,5.95,6.25,5.9,6.15,6.25,5.95,637771,3928536.75,09-MAR-2011,
AKZOINDIA,EQ,728,744,725,728.1,725,727.65,1422,1039748.3,09-MAR-2011,
ALBK,EQ,207.5,208.8,205.8,206.9,206.65,206.25,467999,96792140.2,09-MAR-2011,
ALCHEM,EQ,228.3,228.8,227.8,228,227.8,228.25,135862,31023160.95,09-MAR-2011,
ALEMBICLTD,EQ,63.5,64.8,63.5,63.85,64,63.8,14874,951307.6,09-MAR-2011,
ALFALAVAL,EQ,1197.9,1197.9,1167,1187.45,1192,1184.2,469,556320,09-MAR-2011,
ALKALI,EQ,49,50.4,48.8,49.35,49.4,49.15,9141,455019.9,09-MAR-2011,
ALKYLAMINE,EQ,84.9,84.9,82.25,83.9,83.9,83,801,67589.8,09-MAR-2011,
ALLCARGO,EQ,149,155.9,148.05,152.5,153.1,149.3,47520,7233807.85,09-MAR-2011,
ALLSEC,EQ,27.05,27.05,25.5,25.5,25.5,26.65,2821,72195.45,09-MAR-2011,
ALMONDZ,EQ,30.9,30.9,28,28.65,28.5,29.45,2404,70210.6,09-MAR-2011,
ALOKTEXT,EQ,20.8,21.5,20.8,21.35,21.2,20.65,8487245,179792767.45,09-MAR-2011,
ALPA,EQ,10.75,11.3,10.75,11.2,11.3,11,1754,19555.7,09-MAR-2011,
ALPHAGEO,EQ,111.1,114,110,113,114,111.1,1556,172950.1,09-MAR-2011,
ALPSINDUS,EQ,3.95,4.05,3.95,3.95,3.95,3.95,16600,66116.7,09-MAR-2011,
AMAR,EQ,95.9,102.5,95.15,98.45,98.45,94.1,144142,14271036.4,09-MAR-2011,
AMARAJABAT,EQ,169.15,174.3,169.15,172.5,173.4,171.65,19859,3410993.4,09-MAR-2011,
AMARJOTHI,EQ,54,55.3,53,53.2,53,53.65,172,9253.55,09-MAR-2011,
AMBIKCO,EQ,205,205,199.2,200,203.6,199.8,1174,236564,09-MAR-2011,
AMBUJACEM,EQ,124.45,128.9,123.3,128.2,128.6,124.45,1928253,242190419.05,09-MAR-2011,
AMDIND,EQ,16.75,16.75,16.2,16.3,16.2,16.45,11479,188135.65,09-MAR-2011,
AMLSTEEL,EQ,20.55,21,19.8,21,21,19.7,737,15216.9,09-MAR-2011,
AMRUTANJAN,EQ,665,708.9,660.15,670.75,670,659.15,200347,138170899.4,09-MAR-2011,
AMTEKAUTO,EQ,110.8,114.4,109.6,112.6,112.45,109.4,600087,67114263.2,09-MAR-2011,
AMTEKINDIA,EQ,71,75.7,71,74.1,74,71.25,1758185,127712822.05,09-MAR-2011,
ANANTRAJ,EQ,76.1,79.5,76.1,78.95,79,76.35,253835,19818276.15,09-MAR-2011,
ANDHRABANK,EQ,137,139.85,137,138.95,138.95,136.1,1211180,167865085.6,09-MAR-2011,
ANDHRACEMT,EQ,11.3,11.3,10.4,10.85,10.75,10.5,189117,2071702.1,09-MAR-2011,
ANDHRSUGAR,EQ,92.4,92.4,88.65,89,89,91.5,28734,2576092.3,09-MAR-2011,
ANGIND,EQ,33.7,35.55,32.2,33.05,32.65,34.35,10409,344245.15,09-MAR-2011,
ANIKINDS,EQ,46,47.4,44.3,45.4,45.5,45.9,1622,73886.45,09-MAR-2011,
ANKURDRUGS,EQ,57.75,58.25,56.5,57.55,57.5,57.05,57281,3283320.75,09-MAR-2011,
ANSALAPI,EQ,36.25,36.9,35.9,36.2,36.3,36,197225,7153545.8,09-MAR-2011,
ANSALHSG,EQ,46,46,44.8,45.5,45.75,45.05,7865,356224.55,09-MAR-2011,
ANTGRAPHIC,EQ,0.4,0.4,0.35,0.4,0.35,0.35,782042,308012.15,09-MAR-2011,
APARINDS,EQ,189.1,194,187,187.9,187,192,3947,745971.2,09-MAR-2011,
APCOTEXIND,EQ,131.05,134.95,131.05,132.15,132.3,133.25,337,44568.35,09-MAR-2011,
APIL,EQ,524,524,514.15,520.4,519,517.7,30416,15793766.9,09-MAR-2011,
APLAB,EQ,26.35,27.8,26.35,27.5,27.75,27,729,20084.55,09-MAR-2011,
APOLLOHOSP,EQ,465.6,469,462,464.05,462.75,464.75,27457,12779038.65,09-MAR-2011,
APOLLOTYRE,EQ,62.65,64.75,61.8,64.45,64.6,61.9,5779388,365434750.65,09-MAR-2011,
APPAPER,EQ,158.2,160,155.45,159.05,159.05,158.65,70850,11240712.9,09-MAR-2011,
APTECHT,EQ,101.7,102.7,99.95,101.8,101.3,100.9,274176,27867130.05,09-MAR-2011,
AQUA,EQ,18,18,17.3,17.35,17.35,17.55,430885,7543704.65,09-MAR-2011,
ARCHIDPLY,EQ,18.4,18.4,17.8,17.8,17.8,17.8,2325,41993.7,09-MAR-2011,
ARCHIES,EQ,38.35,38.35,37.5,37.7,37.55,37.65,11915,449770.75,09-MAR-2011,
AREVAT&D,EQ,253,257.9,247.5,249.45,248.2,251.55,127886,32087800.75,09-MAR-2011,
ARIES,EQ,113,115,112.5,113.75,113.5,113.3,2338,265386,09-MAR-2011,
ARIHANT,EQ,62.85,62.85,61.05,61.85,61.1,61,237,14681.7,09-MAR-2011,
ARL,EQ,2,2.1,2,2,2.05,2,157675,319529.2,09-MAR-2011,
AROGRANITE,EQ,42.5,43.6,41.6,41.95,41.65,42.55,1856,78342.75,09-MAR-2011,
ARROWTEX,EQ,11,11.7,11,11.45,11.6,10.6,20194,233327.55,09-MAR-2011,
ARSHIYA,EQ,193.05,205.95,192.05,200.1,200,194.65,97374,19254854.85,09-MAR-2011,
ARSSINFRA,EQ,593.75,641,571.6,580.8,581,584.9,339860,198281225.85,09-MAR-2011,
ARVIND,EQ,54.8,59.5,54.7,56.55,56.75,54.4,2644426,151564391.2,09-MAR-2011,
ASAHIINDIA,EQ,84.05,85.85,83.35,84,84.5,84.25,3248,274223.15,09-MAR-2011,
ASAL,EQ,68,70.5,68,68.7,70.4,67.5,480,33256.2,09-MAR-2011,
ASHAPURMIN,EQ,31.4,31.65,30.65,30.8,30.8,31.35,69642,2156777.05,09-MAR-2011,
ASHCONIUL,EQ,3,3,2.85,2.95,2.95,3,1390,4118.5,09-MAR-2011,
ASHIMASYN,EQ,5.6,5.6,4.75,5.05,5.05,5.05,3812,18718,09-MAR-2011,
ASHOKA,EQ,253,270,245,264.65,268,255.7,8534,2160022.95,09-MAR-2011,
ASHOKLEY,EQ,52.8,53.9,51.75,52.25,52.05,52.15,3349978,174725098.65,09-MAR-2011,
ASIANELEC,EQ,13.6,13.9,13.55,13.85,13.9,13.55,35536,487462.75,09-MAR-2011,
ASIANHOTNR,EQ,225,229.95,225,228.3,228.75,227.05,6791,1535185.85,09-MAR-2011,
ASIANPAINT,EQ,2521.95,2526.9,2500,2501,2500,2500.1,81296,203362992.7,09-MAR-2011,
ASSAMCO,EQ,16.8,18.1,16.75,17.5,17.45,16.65,2417044,42246042.55,09-MAR-2011,
ASTEC,EQ,48.95,48.95,46.25,46.6,46.75,47,27804,1303892.9,09-MAR-2011,
ASTERSILI,EQ,25.5,25.9,25,25.3,25.1,25.35,9762,246377.5,09-MAR-2011,
ASTRAL,EQ,129,129,120.25,121,122,124.6,7168,873341.3,09-MAR-2011,
ASTRAMICRO,EQ,39.85,39.85,38.5,38.9,38.7,38.75,34639,1346641.45,09-MAR-2011,
ASTRAZEN,EQ,1150,1150,1106,1113.6,1115,1120,878,982484.65,09-MAR-2011,
ATFL,EQ,315,315,307.8,310.85,311,309.1,7865,2444039.95,09-MAR-2011,
ATLANTA,EQ,74.4,75.95,73.85,74.65,74.8,74.5,109161,8105914.05,09-MAR-2011,
ATLASCYCLE,EQ,218,223.8,216.25,218.5,218.75,216,69196,15197617.05,09-MAR-2011,
ATNINTER,EQ,1.6,1.6,1.45,1.5,1.5,1.45,22773,34685.15,09-MAR-2011,
ATUL,EQ,157.25,161,157.25,160.3,160.05,157,7302,1168448.15,09-MAR-2011,
AURIONPRO,EQ,191,197.9,190,194.6,195,194.35,1866,360415.75,09-MAR-2011,
AUROPHARMA,EQ,186.45,192.3,184,191.6,191.55,185.5,2187423,413845908.75,09-MAR-2011,
AUSOMENT,EQ,42,42,42,42,42,44.1,2150,90300,09-MAR-2011,
AUSTRAL,EQ,3.45,3.5,3.35,3.4,3.45,3.45,233356,796504.55,09-MAR-2011,
AUTOAXLES,EQ,403.05,414.95,401.3,407,407,412.3,1421,575698.05,09-MAR-2011,
AUTOIND,EQ,136.5,136.5,132.4,132.8,133.4,133.45,26904,3600794.05,09-MAR-2011,
AUTOLITIND,EQ,19.75,21.65,19.6,20.1,20.45,19.85,54364,1106893.35,09-MAR-2011,
AVANTI,EQ,34.9,34.9,33.3,34,34,33.5,741,24922.7,09-MAR-2011,
AVENTIS,EQ,1852,1908,1852,1882.05,1872,1894.25,96025,180052195.4,09-MAR-2011,
AVTNPL,EQ,105.35,115.45,105.35,112.9,111.25,108.9,3926,444165.8,09-MAR-2011,
AXIS-IT&T,EQ,73.5,80,73.5,75.1,77,76.9,1679,127543.05,09-MAR-2011,
AXISBANK,EQ,1317,1329.55,1292,1300.95,1295.7,1311.5,1333258,1745572176.15,09-MAR-2011,
AXISGOLD,EQ,2077,2090,2072.55,2090,2090,2077,118,245624.3,09-MAR-2011,
BAGFILMS,EQ,7.5,7.7,7.35,7.4,7.35,7.4,91206,681319.25,09-MAR-2011,
BAJAJ-AUTO,EQ,1399,1419.9,1392,1417.05,1415,1390.6,696814,981795609.3,09-MAR-2011,
BAJAJCORP,EQ,465,474.9,452.6,456.1,455,468.35,7441,3437339.95,09-MAR-2011,
BAJAJELEC,EQ,227,229,225.5,227.3,227.85,226.25,9316,2113524,09-MAR-2011,
BAJAJFINSV,EQ,546.5,593.4,540.1,578.55,581.55,541,3693942,2127767600.5,09-MAR-2011,
BAJAJHIND,EQ,70.5,71.4,69.5,71,70.85,69.3,1180578,83231144.95,09-MAR-2011,
BAJAJHLDNG,EQ,748.5,768.8,745,754.45,752.5,748.7,80500,61105217.2,09-MAR-2011,
BAJFINANCE,EQ,630.25,657,630.25,645.55,645.45,632,87794,56842361.85,09-MAR-2011,
BALAJITELE,EQ,34.95,35.2,34.25,34.45,34.35,34.25,26034,899281.55,09-MAR-2011,
BALAMINES,EQ,45.3,51.35,44.8,45.65,45.7,42.8,306456,14467263.7,09-MAR-2011,
BALKRISIND,EQ,137,139,135,135.75,136,138.7,4511,617749.55,09-MAR-2011,
BALLARPUR,EQ,31.3,31.4,30.3,30.6,30.3,31.3,101980,3149368,09-MAR-2011,
BALMLAWRIE,EQ,539.9,541.7,534,539.05,541.25,534.9,1594,858693.6,09-MAR-2011,
BALPHARMA,EQ,25,26.35,24.5,25.9,25.4,24.55,8738,223395.8,09-MAR-2011,
BALRAMCHIN,EQ,69.3,70.5,69.3,69.9,70,69,654136,45793374.85,09-MAR-2011,
BANARISUG,EQ,647.9,647.9,620.55,620.85,628.8,624.7,366,230550.35,09-MAR-2011,
BANCOINDIA,EQ,69,69,67.8,68.3,68.25,68.1,13549,926139.2,09-MAR-2011,
BANG,EQ,32.05,33.05,32.05,33,33,32.7,3881,127663.15,09-MAR-2011,
BANKBARODA,EQ,912.4,924,902.15,909.9,910,912.4,341787,311399199.25,09-MAR-2011,
BANKBEES,EQ,1110,1110,1091,1092.36,1091,1101.7,408,450292.1,09-MAR-2011,
BANKINDIA,EQ,463.1,472.25,463.1,470.2,469.4,460.6,982397,460511740.05,09-MAR-2011,
BANSWRAS,EQ,127.05,130,126.2,128.25,128.05,128.85,1630,207952.6,09-MAR-2011,
BARTRONICS,EQ,62.35,62.9,61,61.5,61.8,61.75,114657,7072045.95,09-MAR-2011,
BASF,EQ,498.95,503,493.6,495.5,495.2,494.25,4578,2279371.75,09-MAR-2011,
BASML,EQ,103,117.8,103,112.95,114,113.4,2235,252062.45,09-MAR-2011,
BATAINDIA,EQ,346.45,352.75,344,348.3,348.5,345.1,219031,76547654.2,09-MAR-2011,
BATLIBOI,EQ,21.5,23.5,21.5,22.3,22.3,22.15,414,9505.6,09-MAR-2011,
BAYERCROP,EQ,788.4,810,762.4,789.3,789,779.95,16458,13056188.9,09-MAR-2011,
BBL,EQ,972,974.8,965,971.15,973,965.3,964,936583.05,09-MAR-2011,
BBTC,EQ,395,447,395,424.2,426,390.3,112696,48055342.65,09-MAR-2011,
BECREL,EQ,11,12.35,11,12.35,12.35,11.1,760,8984.2,09-MAR-2011,
BEDMUTHA,EQ,101.6,103,100,100.6,100.1,101.2,142631,14458656.2,09-MAR-2011,
BEL,EQ,1669.95,1674,1651.65,1655.3,1656,1660.1,11019,18270904.5,09-MAR-2011,
BELLCERATL,EQ,17.1,18,17.1,17.25,17.15,18.4,57,983.35,09-MAR-2011,
BEML,EQ,642.5,672,642.5,662.45,663.5,641,93729,62160659.2,09-MAR-2011,
BEPL,EQ,33,33.9,31.5,33.25,33.2,34,15124,491547.3,09-MAR-2011,
BERGEPAINT,EQ,86.5,87.7,84.6,85.2,86,85.1,95474,8209485.15,09-MAR-2011,
BFINVEST,EQ,83.75,84.5,81.5,82.55,82.05,84.15,28083,2332268.05,09-MAR-2011,
BFUTILITIE,EQ,724.3,741.4,723.6,727.25,728.1,717.9,301228,220294124.4,09-MAR-2011,
BGRENERGY,EQ,437.9,467.4,437.6,463.2,462.2,435.05,815614,370011743.7,09-MAR-2011,
BHAGWATIHO,EQ,100,118.75,100,112.55,111.45,102.55,89750,10282287.75,09-MAR-2011,
BHAGYNAGAR,EQ,17.45,18.25,17.45,18.1,18.25,18.25,4865,86913.15,09-MAR-2011,
BHARATFORG,EQ,323.55,324.85,315.8,319.5,319.8,321.4,346667,111021015.45,09-MAR-2011,
BHARATGEAR,EQ,50.2,51.9,50.2,51.2,50.8,50.3,15293,779217.55,09-MAR-2011,
BHARATRAS,EQ,78.5,85.7,78.5,81,81,82,311,25414.7,09-MAR-2011,
BHARTIARTL,EQ,334.35,336.8,330.5,332.5,331.4,334.85,1610110,535527228.45,09-MAR-2011,
BHARTISHIP,EQ,146.9,148,144.8,146.1,146.4,144.55,60072,8796061.3,09-MAR-2011,
BHEL,EQ,2051.95,2055.8,2036.35,2042.25,2041,2033.15,395933,808895638.35,09-MAR-2011,
BHUSANSTL,EQ,420,434,419.8,431.8,430,417.2,787463,338011967.3,09-MAR-2011,
BIL,EQ,53.9,53.9,51.1,51.85,52,52.15,3404,177730.3,09-MAR-2011,
BILENERGY,EQ,25.1,26.3,25.1,25.3,25.35,25.6,1323,33584,09-MAR-2011,
BILPOWER,EQ,118.35,120.45,116,117.1,117,117.65,14083,1668470.3,09-MAR-2011,
BIMETAL,EQ,231.4,238.8,231.4,238.8,238.8,236,16,3776.85,09-MAR-2011,
BINANICEM,EQ,89.7,89.7,87.15,87.25,87.2,87.25,13011,1142407.4,09-MAR-2011,
BINANIIND,EQ,190,191.9,188.05,189.3,188.8,188.45,86394,16415795.6,09-MAR-2011,
BINDALAGRO,EQ,43,45,41.35,43.5,44.75,42.55,905354,39172181.1,09-MAR-2011,
BIOCON,EQ,324,325,314.75,320.15,320,322.05,273032,87149248.95,09-MAR-2011,
BIRLACORPN,EQ,317.85,317.85,308.65,310,310.95,311.65,16604,5147156.25,09-MAR-2011,
BIRLACOT,EQ,0.65,0.65,0.6,0.6,0.65,0.65,832065,503989.7,09-MAR-2011,
BIRLAERIC,EQ,21.95,22.05,20.25,21.55,21.15,21,54872,1186683,09-MAR-2011,
BIRLAMONEY,EQ,26.05,27,26,26.45,26.4,26.45,6533,174712.6,09-MAR-2011,
BIRLAPOWER,EQ,1.1,1.1,1.05,1.05,1.05,1.05,1649449,1755666.9,09-MAR-2011,
BLBLIMITED,EQ,8.95,8.95,8.45,8.5,8.45,8.7,1792,15534.5,09-MAR-2011,
BLISSGVS,EQ,24.3,24.3,23.8,24,24,23.95,7923,189924.7,09-MAR-2011,
BLKASHYAP,EQ,20.4,20.6,19.9,20.05,20.15,19.95,209325,4223118.75,09-MAR-2011,
BLUECHIP,EQ,1.4,1.55,1.4,1.4,1.4,1.5,3636,5172.3,09-MAR-2011,
BLUECOAST,EQ,203,215,203,203.2,203.2,214.9,58,12270.35,09-MAR-2011,
BLUEDART,EQ,996.15,1015,996.15,1005,1005,1005,54,54384.9,09-MAR-2011,
BLUESTARCO,EQ,330,335.5,330,333.05,331,328.9,3080,1024318.65,09-MAR-2011,
BLUESTINFO,EQ,100,100.5,99.25,99.9,99.3,100.5,4962,495883.6,09-MAR-2011,
BOC,EQ,250,253.5,247.2,250.25,250.1,249.25,7656,1919431.75,09-MAR-2011,
BOMDYEING,EQ,352,367,351.5,364.5,365.8,349.65,476581,171519702.8,09-MAR-2011,
BOSCHLTD,EQ,6100,6100,6000.25,6022.3,6018,6098.75,7034,42356953.05,09-MAR-2011,
BPCL,EQ,569.8,572.45,543,551.5,551,561.8,1121181,620501523.75,09-MAR-2011,
BPL,EQ,23,23.25,22.55,22.85,22.65,22.95,14759,338884.6,09-MAR-2011,
BRANDHOUSE,EQ,23.5,25.85,23.5,25,25,23.35,182141,4553351.65,09-MAR-2011,
BRFL,EQ,256.95,257.75,249.7,251.3,251.1,254.15,313927,79615098.8,09-MAR-2011,
BRIGADE,EQ,96.25,97.2,96,96.35,96.15,96.25,9153,884052.05,09-MAR-2011,
BRITANNIA,EQ,347.9,353,347.9,349.85,349.2,347.9,10038,3516617.45,09-MAR-2011,
BROADCAST,EQ,12.05,13,12.05,12.4,12.4,12.6,850,10380,09-MAR-2011,
BSELINFRA,EQ,5.7,5.85,5.6,5.7,5.75,5.7,48328,275966.2,09-MAR-2011,
BSL,EQ,23,24.2,21.9,22.2,22,23.45,30000,677691,09-MAR-2011,
BSTRANSCOM,EQ,90.1,92.8,89,89.55,89.4,90.3,29618,2672894.1,09-MAR-2011,
BURNPUR,EQ,8.25,8.25,8,8.1,8.05,8.15,16686,134702.25,09-MAR-2011,
BVCL,EQ,21.85,21.9,19.2,19.8,19.8,20.3,9490,190119.95,09-MAR-2011,
CADILAHC,EQ,762.5,762.5,745,749.85,750,757.25,21664,16362283.75,09-MAR-2011,
CAIRN,EQ,351,351,341.55,342.35,342.2,351.8,5760240,1981410769.7,09-MAR-2011,
CALSOFT,EQ,36,37.45,35.3,36.35,36.35,35.2,1369,48848.1,09-MAR-2011,
CAMBRIDGE,EQ,37,37,35.1,35.15,35.1,35.45,2207,78144.05,09-MAR-2011,
CAMLIN,EQ,50.25,50.25,48.25,48.8,49,49.6,108577,5346170.95,09-MAR-2011,
CANBK,EQ,628.9,636.3,619,621.2,620.3,624.75,805564,505838787.05,09-MAR-2011,
CANDC,EQ,148,149.95,147.25,149.15,149,147.9,1540,229017.2,09-MAR-2011,
CANFINHOME,EQ,110.95,111.5,107,108.1,107.65,109.8,26294,2863388.35,09-MAR-2011,
CANTABIL,EQ,41.1,41.45,40.5,41,40.75,41,18060,739298.85,09-MAR-2011,
CARBORUNIV,EQ,237,239.5,236,236.35,236,238.05,1010,239909.85,09-MAR-2011,
CAROLINFO,EQ,146.9,147.9,138.05,141.5,141,143.05,892,126868.4,09-MAR-2011,
CASTROL,EQ,409,411.9,407.8,410.05,410,407,37258,15218950.55,09-MAR-2011,
CCCL,EQ,52,52.5,51.5,51.5,51.5,51.55,9291,481213.55,09-MAR-2011,
CCL,EQ,195,222.95,194.95,209.75,208.5,193.3,330874,69903538.05,09-MAR-2011,
CEATLTD,EQ,97.9,98.5,95.3,96.65,96.3,96.6,69923,6781744.95,09-MAR-2011,
CEBBCO,EQ,30,30,29.75,29.9,29.95,30,16269,487635,09-MAR-2011,
CELEBRITY,EQ,13.7,15.35,13.5,14.65,14.4,13.5,10586,155923.1,09-MAR-2011,
CELESTIAL,EQ,30.95,32.45,30.95,32.25,32.4,30.85,47768,1523572.15,09-MAR-2011,
CENTENKA,EQ,178.5,184.9,178.25,179.55,179,180.3,4747,855121.65,09-MAR-2011,
CENTEXT,EQ,4.05,4.05,3.8,3.95,3.95,3.95,8406,32938.1,09-MAR-2011,
CENTRALBK,EQ,156,158.5,152.05,155.05,155.1,155,1321324,204532170.45,09-MAR-2011,
CENTUM,EQ,100,100,90.1,92.8,92.8,93.3,551,50889.85,09-MAR-2011,
CENTURYPLY,BL,60,60,60,60,60,60,606111,36366660,09-MAR-2011,
CENTURYPLY,EQ,61.5,61.5,58.6,60.45,60.6,59.95,177999,10690499.85,09-MAR-2011,
CENTURYTEX,EQ,316,325,313.65,323.15,323,315.15,499864,160116856.35,09-MAR-2011,
CERA,EQ,162.6,162.6,157.25,158.7,159.75,157.25,3541,559752.85,09-MAR-2011,
CESC,EQ,317.1,329,317.1,326.35,325.05,318.15,84201,27352469.7,09-MAR-2011,
CHAMBLFERT,EQ,75,75,71,72.55,72.1,70.65,3565664,256769163.4,09-MAR-2011,
CHEMFALKAL,EQ,48.5,48.7,47.9,48.5,48.5,48.5,524,25336.7,09-MAR-2011,
CHEMPLAST,EQ,5.9,6,5.85,5.95,6,5.9,71601,425324.05,09-MAR-2011,
CHENNPETRO,EQ,193.85,193.85,188.15,189.45,188.7,191.45,170729,32568520.65,09-MAR-2011,
CHESLINTEX,EQ,10.75,14.7,10.75,13.25,13.25,12.95,1193,15336.95,09-MAR-2011,
CHETTINAD,EQ,490,490,466.25,478.25,467.5,463.25,6,2845.3,09-MAR-2011,
CHOLAFIN,EQ,166.1,173.7,163.5,171.35,170.5,165.75,33144,5591983.4,09-MAR-2011,
CINEMAX,EQ,43.5,43.5,42.5,42.65,43.05,42.15,3705,158452.1,09-MAR-2011,
CINEVISTA,EQ,3.85,3.95,3.85,3.95,3.95,4,5237,20419.3,09-MAR-2011,
CIPLA,EQ,308,309.4,300.1,301.5,301,307.4,1853817,561550360.9,09-MAR-2011,
CLASSIC,EQ,12.85,13.2,12.6,13,13.15,12.9,10333,134015.45,09-MAR-2011,
CLNINDIA,EQ,625.55,631,622.05,625.9,625,621.85,7310,4577054.25,09-MAR-2011,
CLUTCHAUTO,EQ,52.25,56,51.7,52.4,52,51.05,110741,5941414.75,09-MAR-2011,
CMAHENDRA,EQ,240,260.45,237.05,257.95,256.6,236.95,2900899,729782431,09-MAR-2011,
CMC,EQ,2000,2005,1985,1995.6,1993.6,1976.1,2710,5413200.55,09-MAR-2011,
COALINDIA,EQ,339.8,341.2,336.05,339.55,338.1,337.25,1603527,543366124.65,09-MAR-2011,
COLPAL,EQ,850,861,845,848.3,847.55,848.5,51567,44009103.45,09-MAR-2011,
COMPUAGE,EQ,193.9,193.9,171.6,171.85,171.7,189.4,8076,1516008.85,09-MAR-2011,
CONCOR,EQ,1181.05,1194.95,1178,1185.75,1185,1177.6,5009,5937569.9,09-MAR-2011,
CONSOFINVT,EQ,89,89.2,85.5,88.25,89,88,6286,550531.85,09-MAR-2011,
CORAL-HUB,EQ,17.7,17.9,16.75,17,17.05,17.4,19268,330672.15,09-MAR-2011,
CORDSCABLE,EQ,33,33.2,32.5,32.9,32.9,33,3757,122849.2,09-MAR-2011,
COREPROTEC,EQ,311,317.95,310,316.65,312.25,311.4,432238,136618998.85,09-MAR-2011,
COROMANDEL,EQ,330,330,284,289.15,287,282.7,129488,37182679.2,09-MAR-2011,
CORPBANK,EQ,564,571,558.15,562.1,561.05,562.5,40389,22758640.15,09-MAR-2011,
COSMOFILMS,EQ,92.75,94.7,92.1,92.5,92.15,92.5,36521,3399645.25,09-MAR-2011,
COX&KINGS,EQ,379,415.5,377.7,400.4,399.15,374.3,384426,154307451.95,09-MAR-2011,
CPIL,EQ,336.8,339.15,332.5,333.5,333.75,334.6,4242,1416772.05,09-MAR-2011,
CREATIVEYE,EQ,5.35,5.45,5.25,5.3,5.4,5.3,4261,22633.6,09-MAR-2011,
CRESTANI,EQ,52.5,53.9,52.15,53.2,53.15,52.85,11423,606397.25,09-MAR-2011,
CREWBOS,EQ,97.05,106,97.05,98.95,98.05,97.25,65284,6567365.2,09-MAR-2011,
CRISIL,EQ,5820,5899,5758,5780.85,5775,5843.3,688,3992466.4,09-MAR-2011,
CROMPGREAV,EQ,254.05,262.85,252,259.95,259.15,252.05,884747,228588962.65,09-MAR-2011,
CRONIMET,EQ,89,92.5,89,90.3,89.7,91,2059,185817,09-MAR-2011,
CTE,EQ,15.5,15.95,15.4,15.45,15.45,15.4,1176,18261.95,09-MAR-2011,
CUB,EQ,45.85,46.15,45.3,45.85,45.85,45.85,323440,14791847.3,09-MAR-2011,
CUBEXTUB,EQ,12.6,13.45,12.6,12.7,12.7,12.9,1622,20454,09-MAR-2011,
CUMMINSIND,EQ,655.45,679,655.45,673.05,677,663.85,95443,63950706.75,09-MAR-2011,
CYBERMEDIA,EQ,18.75,18.75,18.1,18.25,18.25,18.7,274,5028.3,09-MAR-2011,
CYBERTECH,EQ,12.85,12.85,12.7,12.7,12.7,12.8,1831,23285.4,09-MAR-2011,
DAAWAT,EQ,49.15,49.8,48.5,48.7,48.5,49.1,53470,2619466.05,09-MAR-2011,
DABUR,EQ,99.1,99.7,97.05,97.5,97.45,98.45,582387,57104777.8,09-MAR-2011,
DALMIABEL,EQ,165.25,172.5,164.95,171.8,172.5,165.25,7797,1321305.05,09-MAR-2011,
DALMIASUG,EQ,25.5,26.25,25.5,25.95,25.75,25.8,8874,229862,09-MAR-2011,
DATAMATICS,EQ,28.45,29.25,28.45,28.8,28.65,28.85,4419,127596.25,09-MAR-2011,
DBCORP,EQ,240.8,240.95,238.1,238.65,238.1,238.45,952,227341.2,09-MAR-2011,
DBREALTY,EQ,110.45,112.8,107.4,109.1,109,108.85,325529,35907310.6,09-MAR-2011,
DCB,EQ,45.55,45.9,44.9,45.5,45.3,45.25,1266187,57587257.45,09-MAR-2011,
DCHL,EQ,73.6,73.7,71.1,71.8,71.6,73.35,702472,50803278,09-MAR-2011,
DCM,EQ,81,81.4,78.35,79.35,79,79.6,87619,7020857.8,09-MAR-2011,
DCMSRMCONS,EQ,43.9,43.9,41.8,42,42.05,42.9,37213,1564183.25,09-MAR-2011,
DCW,EQ,11.15,11.35,11.1,11.2,11.2,11.15,69987,787175,09-MAR-2011,
DECCANCE,EQ,140.55,140.55,132,134,132.6,135.7,845,113103.65,09-MAR-2011,
DECOLIGHT,BE,9.7,9.7,9.2,9.7,9.7,9.2,60876,588775.95,09-MAR-2011,
DEEPAKFERT,EQ,155,156.5,150.3,150.85,150.7,154.55,56727,8625817.75,09-MAR-2011,
DEEPAKNTR,EQ,182.05,184.05,182,184,184.05,190,185,33885,09-MAR-2011,
DEEPIND,EQ,57.05,63,57.05,58.75,59,57.35,46090,2756376.3,09-MAR-2011,
DELTACORP,EQ,67.9,71.85,67.55,70.45,70.55,67.25,6025872,423651399.55,09-MAR-2011,
DELTAMAGNT,EQ,33.35,33.35,33.35,33.35,33.35,35.1,1010,33683.5,09-MAR-2011,
DEN,EQ,103.95,103.95,98.2,99.55,99.9,99.1,25404,2538996.05,09-MAR-2011,
DENABANK,EQ,98,99.4,97.3,98.85,98.6,97.2,1008546,99220091.9,09-MAR-2011,
DENORA,EQ,78.9,79.8,78.25,79.15,79.8,77.4,578,45595.6,09-MAR-2011,
DENSO,EQ,65,67,65,67,67,64.9,230,15351.5,09-MAR-2011,
DEWANHOUS,EQ,251.05,255.5,248.25,249.8,248.25,250.25,75177,18838856.05,09-MAR-2011,
DHAMPURSUG,EQ,67.9,68.25,66.75,67.3,66.95,67.3,85079,5737237.45,09-MAR-2011,
DHANBANK,EQ,108,108.95,107,107.75,107.75,107.45,116493,12583799.65,09-MAR-2011,
DHANUS,EQ,16.05,16.9,16.05,16.4,16.4,16.65,45276,749300.15,09-MAR-2011,
DHARSUGAR,EQ,33.35,33.8,33,33.75,33.8,33.55,7351,245797.2,09-MAR-2011,
DIAPOWER,EQ,156.8,157.15,150,150.7,151.1,154.55,34817,5312424.85,09-MAR-2011,
DICIND,EQ,230.2,230.2,212.25,226.5,227,227.15,2538,571962.8,09-MAR-2011,
DIGJAM,EQ,9.8,10,9.55,9.6,9.55,9.45,54210,526115.95,09-MAR-2011,
DISHMAN,EQ,102.1,104.9,101.7,102.15,102,101.45,71667,7374451.65,09-MAR-2011,
DISHTV,EQ,60.8,62.85,60.7,62.15,61.9,60.3,3375961,209992698.15,09-MAR-2011,
DIVISLAB,EQ,624.8,627,612.3,622.95,626,620.95,58608,36398986.9,09-MAR-2011,
DLF,EQ,224,227.6,223.8,225.45,224.6,222.6,3862058,870992508.75,09-MAR-2011,
DLINKINDIA,EQ,31.2,31.4,29.4,30.15,30.2,30.6,36082,1097260.45,09-MAR-2011,
DOLPHINOFF,EQ,149,154,147.1,148.4,148.05,150,3095,461352.6,09-MAR-2011,
DONEAR,EQ,26,26,25,25.15,25.6,25.3,2758,69981.9,09-MAR-2011,
DPSCLTD,EQ,1705,1720,1685,1719,1719,1675,198,339511.8,09-MAR-2011,
DPTL,EQ,160,165.5,159.05,160.45,160,159.85,39931,6479560.6,09-MAR-2011,
DREDGECORP,EQ,355,361,346.2,348.2,347.35,355.6,25998,9208641.95,09-MAR-2011,
DRREDDY,EQ,1605,1626,1581.05,1619.45,1615,1602.55,553561,887712395.35,09-MAR-2011,
DSKULKARNI,EQ,53.5,53.95,52,53.65,53.35,53.8,22289,1184162.65,09-MAR-2011,
DUNCANSIND,EQ,16.35,17.95,16.35,17.25,17.15,16.25,157207,2718532.1,09-MAR-2011,
DWARKESH,EQ,68.15,70,68.15,69.85,69.95,68.45,10889,756338.1,09-MAR-2011,
DYNAMATECH,EQ,1093,1123,1093,1123,1123,1100,4,4436,09-MAR-2011,
EASTSILK,EQ,9.15,9.15,9,9.05,9,9.1,13872,125670.15,09-MAR-2011,
EASUNREYRL,EQ,85.85,85.85,84,84.75,85,84.85,13388,1138326.55,09-MAR-2011,
ECEIND,EQ,115.2,115.2,110.6,110.65,110.65,111,24,2662.8,09-MAR-2011,
ECLERX,EQ,659,659,643.35,651.55,646.15,645.1,11451,7440236.65,09-MAR-2011,
EDELWEISS,EQ,36.55,37.4,36.15,37.1,37.15,36.25,128335,4729591.8,09-MAR-2011,
EDL,EQ,102.75,103.05,101.5,101.95,102.2,102.75,14851,1518126.55,09-MAR-2011,
EDSERV,EQ,135.5,136.45,132.5,133.7,133.25,134.2,91267,12279326.15,09-MAR-2011,
EDUCOMP,EQ,457,458.8,449.1,452.45,452,451.15,673895,305751215,09-MAR-2011,
EICHERMOT,EQ,1055,1060,1025,1033.3,1033,1049.3,7260,7559344.15,09-MAR-2011,
EIDPARRY,EQ,202,208,199.05,206.75,208,200.85,27704,5660535.3,09-MAR-2011,
EIHAHOTELS,EQ,160,160,153,155.3,156.65,153.4,713,110551.05,09-MAR-2011,
EIHOTEL,EQ,79.9,80.35,78.55,78.85,79,79.65,122969,9741757.85,09-MAR-2011,
EIMCOELECO,EQ,218,222,218,220.85,219.4,218.25,864,190126.85,09-MAR-2011,
EKC,EQ,73.6,75.15,72.85,74.6,74.15,73,228354,16904401.3,09-MAR-2011,
ELDERPHARM,EQ,365,368,360.5,362.1,367.95,365.8,21763,7893953.5,09-MAR-2011,
ELECON,EQ,65.9,66.7,65.65,66.4,66.25,65.85,75113,4981247.65,09-MAR-2011,
ELECTCAST,EQ,32.65,33.35,32.15,32.9,32.95,31.75,112569,3708641.1,09-MAR-2011,
ELECTHERM,EQ,202,203.85,198.3,202.45,203.85,198.45,477,96037,09-MAR-2011,
ELFORGE,EQ,13.6,15,13.55,14.25,14.25,14.1,469,6510.65,09-MAR-2011,
ELGIEQUIP,EQ,84.6,91.4,84.6,90.2,90.9,86.25,652973,58647740.4,09-MAR-2011,
ELNET,EQ,42,42,36.8,37.05,36.8,37.95,506,18961.6,09-MAR-2011,
EMAMIINFRA,EQ,31.5,32.05,30.45,30.7,30.7,31.3,23963,745966.85,09-MAR-2011,
EMAMILTD,EQ,368.35,376.85,358,361.7,362.75,367.65,47349,17338748.3,09-MAR-2011,
EMCO,EQ,59.65,59.85,58.6,58.85,58.6,58.95,30275,1788569.25,09-MAR-2011,
EMKAY,EQ,58.4,59.55,57.8,58,58,59.2,306,17949.2,09-MAR-2011,
EMMBI,EQ,13.5,13.75,13.45,13.6,13.7,13.5,7540,102249.6,09-MAR-2011,
EMPEESUG,EQ,66,66,65.05,65.3,65.65,65.25,77318,5074164.05,09-MAR-2011,
ENERGYDEV,EQ,35.1,37.8,30.2,37.5,37.5,37.4,101734,3086674.2,09-MAR-2011,
ENGINERSIN,EQ,301,301,290,290.1,290,298.8,93207,27309154.85,09-MAR-2011,
ENIL,EQ,210.1,217.3,210.1,215.45,214.65,212.1,8128,1742526.35,09-MAR-2011,
ENTEGRA,EQ,25,28.2,25,28.2,28.2,23.5,54649,1510266.7,09-MAR-2011,
ERAINFRA,EQ,193.5,193.95,193,193.55,193.5,193.15,110956,21455794.2,09-MAR-2011,
EROSMEDIA,EQ,138.7,142.3,138.55,140,139.6,139.65,37870,5331523.9,09-MAR-2011,
ESABINDIA,EQ,436,450,425,429.7,430,434.35,4126,1785215.25,09-MAR-2011,
ESCORTS,EQ,118.5,120.5,115.35,119.2,119.7,117.8,939374,110635068.5,09-MAR-2011,
ESL,EQ,8.65,8.65,8.55,8.6,8.6,8.6,124739,1073774.45,09-MAR-2011,
ESSAROIL,EQ,116,121,114.2,120,121,115.75,2734186,321671010.8,09-MAR-2011,
ESSARSHIP,EQ,92,92,88,88.65,88.25,90.55,123081,11034107.8,09-MAR-2011,
ESSDEE,EQ,405,409.8,392.5,402.65,402.4,402.75,6643,2676962.95,09-MAR-2011,
ESSELPACK,EQ,48.25,48.25,46.05,46.3,46.15,46.4,27666,1286896.05,09-MAR-2011,
EUROCERA,EQ,26.45,26.8,25,25.95,26.1,26.05,1813,46936.8,09-MAR-2011,
EUROMULTI,EQ,15.5,15.95,15.15,15.75,15.8,15.35,1585,24868.2,09-MAR-2011,
EUROTEXIND,EQ,27.65,29,27.65,28.35,28.4,28.5,30,850.45,09-MAR-2011,
EVEREADY,EQ,50.2,50.7,49.6,50,49.6,50.4,32573,1634116.5,09-MAR-2011,
EVERESTIND,EQ,144.75,144.75,138.5,141.5,143.5,138.45,5915,827510.65,09-MAR-2011,
EVERONN,EQ,594.9,599,582.25,589.05,587,586.7,295976,174902641.2,09-MAR-2011,
EVINIX,EQ,1.1,1.2,1.1,1.15,1.2,1.15,45346,54074.85,09-MAR-2011,
EXCELCROP,EQ,230.55,234,230.55,232.3,232.05,233.6,3723,863804.05,09-MAR-2011,
EXCELINDUS,EQ,77.6,79.9,76.5,79.75,79.75,77.95,403,31553.15,09-MAR-2011,
EXCELINFO,EQ,30.7,31.9,30.15,31.05,30.8,30.35,16473,511392.15,09-MAR-2011,
EXIDEIND,EQ,137.1,139.5,135.8,136.35,135.9,137.95,344524,47218935.75,09-MAR-2011,
FACT,EQ,43,43.65,42.55,42.7,42.7,42.45,49992,2151044.45,09-MAR-2011,
FAGBEARING,EQ,800,805,790,791.5,790,796.2,603,478874.35,09-MAR-2011,
FAME,EQ,40.6,43,40.6,42,42,40.45,7170,301231.45,09-MAR-2011,
FARMAXIND,EQ,6.4,6.8,6.4,6.7,6.6,6.5,27509,182968.15,09-MAR-2011,
FCH,EQ,143,145,141.3,143.3,143,141.7,33027,4697161.65,09-MAR-2011,
FCSSOFT,EQ,1.2,1.2,1.15,1.15,1.2,1.15,897941,1044973.85,09-MAR-2011,
FDC,EQ,105,105.8,103.65,104.5,104.1,104.55,65465,6863262.3,09-MAR-2011,
FEDDERLOYD,EQ,78.5,81.5,76.55,79.65,79.4,77.2,26028,2081459.05,09-MAR-2011,
FEDERALBNK,EQ,378.1,382,373.95,380.15,379.2,376.35,366087,138688419,09-MAR-2011,
FIEMIND,EQ,153,154.25,152.05,152.7,152.05,152.3,3853,589986.3,09-MAR-2011,
FINANTECH,EQ,792.45,793.05,781.05,784.75,783,784.3,24074,18920955.5,09-MAR-2011,
FINCABLES,EQ,49.1,49.55,48.5,49.1,49,49.1,55179,2708456.4,09-MAR-2011,
FINPIPE,EQ,88.65,90.7,88.25,88.5,88.25,88.95,30279,2693512.7,09-MAR-2011,
FIRSTLEASE,EQ,73.6,73.6,71.15,72.1,72,71.95,8803,634754.55,09-MAR-2011,
FIRSTWIN,EQ,23.5,26.55,22.15,22.3,22.15,22.95,2590,62526.5,09-MAR-2011,
FKONCO,EQ,91,91,88.1,88.55,88.2,90.05,6452,578068.4,09-MAR-2011,
FMGOETZE,EQ,141.2,158,141.2,145.05,145.05,141.35,2787,403499.6,09-MAR-2011,
FORTIS,EQ,153.65,153.65,151.05,152.45,152.5,152.55,220927,33668147.45,09-MAR-2011,
FOSECOIND,EQ,431,436,425.15,433.5,436,441,245,105595.2,09-MAR-2011,
FOURSOFT,EQ,15.3,16.3,15.3,15.95,16.1,15.65,8670,137830.95,09-MAR-2011,
FSL,EQ,17,17.3,16.85,17.1,17.05,17,671646,11482829.3,09-MAR-2011,
FTFTF12CDV,MF,9.48,9.5,9.48,9.5,9.5,8.75,2,18.98,09-MAR-2011,
GABRIEL,EQ,42.75,43.5,41.5,43.1,42.95,42.65,16478,708243.4,09-MAR-2011,
GAEL,EQ,31.75,33,31.7,31.95,31.85,31.9,46021,1482156.85,09-MAR-2011,
GAIL,EQ,444.5,444.6,434.1,441.15,441.5,441,835283,367333515.75,09-MAR-2011,
GAL,EQ,16.25,16.95,16.1,16.6,16.7,16.25,17566,290727.3,09-MAR-2011,
GALLANTT,EQ,19.75,19.8,19.2,19.35,19.35,20.1,40788,803359.65,09-MAR-2011,
GALLISPAT,EQ,68.25,69.95,67.5,68.45,68.9,69.6,86991,6010150.15,09-MAR-2011,
GAMMNINFRA,EQ,18.15,18.2,17.8,17.85,18,17.8,32190,576401.25,09-MAR-2011,
GAMMONIND,EQ,118,118.85,116,116.65,116,117.6,34820,4085665.95,09-MAR-2011,
GANDHITUBE,EQ,99.2,104.4,99.15,102.85,104.4,97.25,584,58869.3,09-MAR-2011,
GANESHHOUC,EQ,157.7,158,150.25,154.15,151,151.55,8057,1241560.55,09-MAR-2011,
GANGOTRI,EQ,7.3,7.3,6.9,6.95,7,7,1703,11991.25,09-MAR-2011,
GARDENSILK,EQ,96.5,101,96.5,99.7,98.75,96.15,7358,728086.55,09-MAR-2011,
GARWALLROP,EQ,57.25,57.75,56.45,56.7,56.45,56.95,13176,754093.4,09-MAR-2011,
GARWOFFS,EQ,109,110.7,108.6,109.4,108.6,108.65,6446,705678.25,09-MAR-2011,
GATI,EQ,58.6,58.85,57.25,57.65,57.9,58.15,98908,5736016.25,09-MAR-2011,
GDL,EQ,115,115.75,113.5,114.15,113.8,115.25,9612,1099354.65,09-MAR-2011,
GEECEE,EQ,40.5,41,40.1,41,41,40.45,3199,129123.95,09-MAR-2011,
GEINDSYS,EQ,172.9,173,169.15,169.85,170,171.3,3150,537702.2,09-MAR-2011,
GEMINI,EQ,21,21,20.55,20.6,20.6,20.35,5097,105817.5,09-MAR-2011,
GENESYS,EQ,213,218.75,210.2,213.2,213,211.6,8586,1841652.3,09-MAR-2011,
GENUSPOWER,EQ,16.6,16.9,16.3,16.7,16.65,16.8,36578,608925.45,09-MAR-2011,
GEODESIC,EQ,84.15,85.25,83.05,83.35,83.2,83.6,97195,8140286.9,09-MAR-2011,
GEOJITBNPP,EQ,23.15,23.4,23,23.05,23.05,23.05,68349,1581380.4,09-MAR-2011,
GEOMETRIC,EQ,63.95,65.55,63.65,64.95,64.65,63.95,65804,4263948.25,09-MAR-2011,
GESHIP,EQ,262.5,268.3,262.5,264.25,264.5,261.25,368203,97846936.9,09-MAR-2011,
GHCL,EQ,38.7,38.95,38.35,38.45,38.45,38.6,22061,850502.65,09-MAR-2011,
GICHSGFIN,EQ,99.8,100,98.2,98.7,98.55,98.65,124188,12301603.95,09-MAR-2011,
GILLANDERS,EQ,103.6,109.25,103.6,106.75,106.6,102.4,22973,2473701.4,09-MAR-2011,
GILLETTE,EQ,1544,1565,1544,1555.5,1548,1558.35,345,537179.6,09-MAR-2011,
GINNIFILA,EQ,12.6,12.9,12.5,12.55,12.5,12.7,8542,107772.7,09-MAR-2011,
GIPCL,EQ,90.75,93.45,88.75,90.05,89.75,88.7,24996,2282568.65,09-MAR-2011,
GISOLUTION,EQ,20,20,18.5,19.85,19.35,19.1,1737,34009.45,09-MAR-2011,
GITANJALI,EQ,217.7,230,215.8,216.9,216.2,216.35,3259137,722688829.25,09-MAR-2011,
GKB,EQ,41.5,45.05,38,44.8,45.05,38,102,4064.6,09-MAR-2011,
GKWLIMITED,EQ,530.15,572,530.15,550,550,542.25,3066,1727802.35,09-MAR-2011,
GLAXO,EQ,2169.9,2203.3,2162,2182.75,2175,2162.1,22635,49571623.15,09-MAR-2011,
GLENMARK,EQ,291,291.9,275.55,279.35,281.1,289.9,1062601,297440421.9,09-MAR-2011,
GLFL,EQ,3.95,3.95,3.55,3.55,3.55,3.7,12204,44549.4,09-MAR-2011,
GLOBALVECT,EQ,24.95,25.95,24.4,25.4,25.4,24.3,6574,161727.05,09-MAR-2011,
GLOBUSSPR,EQ,125,125.7,119,124.6,124,122.55,45243,5510648.75,09-MAR-2011,
GLODYNE,EQ,377.35,382.9,373.4,376.85,375,378.55,83378,31527509.05,09-MAR-2011,
GLORY,EQ,5,5.1,5,5.05,5.05,5.1,37032,187080.3,09-MAR-2011,
GMBREW,EQ,101.25,101.25,96,96.35,96.35,94.8,384,37610.1,09-MAR-2011,
GMDCLTD,EQ,122.8,125.75,122,124.8,124.9,122.55,588138,72452817.65,09-MAR-2011,
GMRINFRA,EQ,40.05,40.8,39.8,40.5,40.65,40.05,3745291,151236743.3,09-MAR-2011,
GNFC,EQ,98.9,98.9,96.5,97,97.05,97.5,131450,12804609.6,09-MAR-2011,
GOACARBON,EQ,71.05,72.9,71.05,71.7,72.4,70.3,1793,129089.4,09-MAR-2011,
GODFRYPHLP,EQ,1950,1978,1950,1950,1950,1943.7,105,205792.5,09-MAR-2011,
GODREJCP,EQ,374.75,375,361.3,363.25,363,371.65,81829,29856405.8,09-MAR-2011,
GODREJIND,EQ,172.95,173.4,169.3,172.4,172.5,170.8,133138,22881353.25,09-MAR-2011,
GODREJPROP,EQ,598,611,598,608.35,606.6,605.95,2764,1677366.6,09-MAR-2011,
GOENKA,EQ,60.5,61,58.6,59.8,59.6,60.05,4058,243800.8,09-MAR-2011,
GOKEX,EQ,94,95.95,94,95.95,95.95,93.85,238,22507.65,09-MAR-2011,
GOKUL,EQ,104,105.9,100.65,102.15,101.5,103.5,156608,16221543.25,09-MAR-2011,
GOLDBEES,EQ,2045,2045,2035,2041.65,2043.65,2043.25,21281,43381300.45,09-MAR-2011,
GOLDENTOBC,EQ,82.5,83.3,80,81,81.6,81.9,101507,8228676.85,09-MAR-2011,
GOLDIAM,EQ,34.9,36,34.8,36,36,34.65,2072,73915,09-MAR-2011,
GOLDINFRA,EQ,17.55,17.75,17.35,17.5,17.5,17.75,11472,201035.05,09-MAR-2011,
GOLDSHARE,EQ,2045,2052,2038.6,2048.85,2050,2048.35,1412,2885245.6,09-MAR-2011,
GOLDTECH,EQ,9.15,9.15,8.95,8.95,9,9,12992,117133.1,09-MAR-2011,
GPIL,EQ,178.5,180,174.15,174.6,174.45,178.45,38732,6816334.65,09-MAR-2011,
GPPL,EQ,60.25,61.35,60.25,60.75,60.45,60.35,62640,3814008.7,09-MAR-2011,
GRABALALK,EQ,32.65,35.9,32.65,35.25,35.25,34.1,161,5391.75,09-MAR-2011,
GRANULES,EQ,93,93,92.1,92.5,92.25,92.15,970,89783.15,09-MAR-2011,
GRAPHITE,EQ,88.1,88.9,86.5,87,87.1,88.45,91878,8012114.25,09-MAR-2011,
GRASIM,EQ,2300,2328,2300,2312.45,2310,2293.45,98177,227459761.9,09-MAR-2011,
GRAVITA,EQ,291.6,303,290.1,299.75,300,289.35,717559,213917100.55,09-MAR-2011,
GREAVESCOT,EQ,84,85.7,83,85.3,85.5,83.35,145208,12339031.4,09-MAR-2011,
GREENPLY,EQ,173.6,177,158.5,165.05,165,173.75,77211,12587704.55,09-MAR-2011,
GREENPOWER,EQ,22.45,24.95,22.45,24.65,24.8,22.85,96938,2323782.9,09-MAR-2011,
GRINDWELL,EQ,216,224.9,215.35,220.65,224,216.45,4286,941287.15,09-MAR-2011,
GRUH,EQ,350.1,350.1,345,345.85,345,347.35,454,157480.65,09-MAR-2011,
GSFC,EQ,370,371.85,364.9,365.55,367,365.1,106252,38922153.45,09-MAR-2011,
GSKCONS,EQ,2179,2195,2111.05,2132.3,2150,2145.15,12395,26471829.35,09-MAR-2011,
GSLNOVA,EQ,3.75,4.2,3.75,4,4,3.95,4908,19135.4,09-MAR-2011,
GSPL,EQ,94.4,96.4,93.25,95.2,95.05,93.75,800379,76314451.65,09-MAR-2011,
GSSAMERICA,EQ,149.6,149.6,145.65,147.25,146.5,147.45,29544,4329588.85,09-MAR-2011,
GTL,EQ,417,417,413.5,415,417,416.05,21416,8889103.1,09-MAR-2011,
GTLINFRA,EQ,36.5,36.6,36,36.45,36.6,36.25,96046,3482086.1,09-MAR-2011,
GTNIND,EQ,22.3,22.55,21.95,22.3,22.45,22.4,1489,33401.55,09-MAR-2011,
GTNTEX,EQ,15,16,15,15.55,15.65,14.95,230,3473.25,09-MAR-2011,
GTOFFSHORE,EQ,237,237.75,231,236.75,237.5,235.4,50980,11978618.1,09-MAR-2011,
GUFICBIO,EQ,6.55,6.55,5.9,6.05,6,6.2,7545,45368.65,09-MAR-2011,
GUJALKALI,EQ,118,120.9,118,119.7,120.9,117.7,43124,5148960.3,09-MAR-2011,
GUJAPOLLO,EQ,165,165,140,141,141,142.4,15238,2158423.8,09-MAR-2011,
GUJFLUORO,EQ,299.9,305.7,295.1,303.25,304.95,295.25,331043,99421693.9,09-MAR-2011,
GUJNRECOKE,EQ,48.9,48.95,47.5,48,47.8,48.45,968546,46553518.85,09-MAR-2011,
GUJNREDVR,EQ,26.65,27.9,26.5,27.05,27.9,26.75,32274,871051,09-MAR-2011,
GUJRATGAS,EQ,411,413.8,405,409.95,410,410.95,27499,11214675.85,09-MAR-2011,
GUJSIDHCEM,EQ,11,11,10.45,10.6,10.7,10.85,51014,543403.4,09-MAR-2011,
GULFOILCOR,EQ,74.9,78,71.2,76.65,77,73.5,156186,11700929.3,09-MAR-2011,
GVKPIL,EQ,26.3,26.7,25.7,26.55,26.6,26,10551099,277316773.3,09-MAR-2011,
HALONIX,EQ,100,101,100,100,100,100,800,80110,09-MAR-2011,
HANUNG,EQ,199.85,214,198,208.7,208.5,198,791845,164950484.85,09-MAR-2011,
HARITASEAT,EQ,69,70,69,70,70,67,1623,112188.15,09-MAR-2011,
HARRMALAYA,EQ,81,89.8,80.8,86.65,86.8,79.55,1428679,123771345.45,09-MAR-2011,
HATHWAY,EQ,106.75,106.75,102.1,104.15,103.7,103.4,15074,1572289.25,09-MAR-2011,
HAVELLS,EQ,349,351.6,344.4,346.05,345.25,345.25,65568,22770976.65,09-MAR-2011,
HBLPOWER,EQ,21,21.45,20.75,21.1,21.15,20.95,270199,5683334.8,09-MAR-2011,
HBSTOCK,EQ,15.05,16,15.05,15.6,15.5,15.55,11186,172562,09-MAR-2011,
HCC,EQ,35.35,35.55,34.75,35.05,35.1,34.9,3627018,127401617.75,09-MAR-2011,
HCIL,EQ,35.1,35.1,33.8,33.95,34,34.5,41066,1415253.05,09-MAR-2011,
HCL-INSYS,EQ,103.35,105.75,102.55,104.9,104.8,103.9,254743,26571101.4,09-MAR-2011,
HCLTECH,EQ,461.75,469.5,459.6,464.5,463.6,464,367439,170515696.1,09-MAR-2011,
HDFC,EQ,677,683.1,665,672.7,670.15,675.15,1337415,898353310.1,09-MAR-2011,
HDFC,W1,118,119,116,118.45,118.7,119.5,24050,2833922.5,09-MAR-2011,
HDFCBANK,EQ,2210,2238.7,2195,2206.05,2200,2206.5,904199,1995062817,09-MAR-2011,
HDFCMFGETF,EQ,2080,2080,2073,2075.3,2074.25,2084.15,707,1467794.15,09-MAR-2011,
HDIL,EQ,164.95,166.2,161.7,164.7,164.2,164.15,3606688,592264342,09-MAR-2011,
HEG,EQ,207.75,209.4,200.35,200.85,200.8,204.65,172033,35060895.4,09-MAR-2011,
HEIDELBERG,EQ,33.8,34.5,33.55,34.15,34.3,33.75,51398,1753340.4,09-MAR-2011,
HELIOSMATH,EQ,36.6,37.2,35.7,36,35.95,36.15,19464,705538.45,09-MAR-2011,
HERCULES,EQ,217.9,223.9,215.2,218.95,219.9,215.2,78123,17193302.5,09-MAR-2011,
HERITGFOOD,EQ,164,174,164,173.6,172,169.6,56240,9413662.05,09-MAR-2011,
HEROHONDA,EQ,1510,1548.2,1492,1537.7,1537.55,1515.05,623731,951747819.05,09-MAR-2011,
HEXAWARE,EQ,53.85,55.95,53.8,55.55,55.45,53.55,1296163,71228549.75,09-MAR-2011,
HFCL,BE,10.05,10.95,8.2,10,9.8,9.4,540754,5500609.25,09-MAR-2011,
HGSL,EQ,352.4,352.4,340.75,345.35,341.2,347.85,1940,669248.4,09-MAR-2011,
HIKAL,EQ,289,297,284.65,287.4,285,284.45,6268,1823281.05,09-MAR-2011,
HILTON,EQ,17.65,17.9,17.65,17.9,17.9,17.9,2517,44833.05,09-MAR-2011,
HIMATSEIDE,EQ,35.2,36.85,35.2,36.35,36.1,36.2,13534,491887.2,09-MAR-2011,
HINDALCO,EQ,212.35,215.4,211.2,213,212.45,211.95,6555371,1398082398.25,09-MAR-2011,
HINDCOMPOS,EQ,528.3,540.05,524,528.7,524,535.95,896,477790.55,09-MAR-2011,
HINDCOPPER,EQ,310.9,315.8,307.2,308.55,308,307.6,224461,69781760.15,09-MAR-2011,
HINDDORROL,EQ,82,85.9,81,82.4,82.75,81.5,59688,4974002.95,09-MAR-2011,
HINDMOTORS,EQ,17.5,17.7,17,17.1,17.25,17.35,134525,2326583.05,09-MAR-2011,
HINDNATGLS,EQ,216,216,208.3,213.75,210.6,212.15,911,192286.2,09-MAR-2011,
HINDOILEXP,EQ,169.9,171.9,165.2,169.8,169.5,167.9,659880,111268446.85,09-MAR-2011,
HINDPETRO,EQ,325.95,328.4,308.25,319.65,318.2,323.75,1531383,485429955.1,09-MAR-2011,
HINDSYNTEX,EQ,4.15,4.15,4.15,4.15,4.15,4.15,200,830,09-MAR-2011,
HINDUJAFO,EQ,92,93,91.2,92.65,93,91.95,15,1383.2,09-MAR-2011,
HINDUJAVEN,EQ,242.3,251.05,242.3,245.3,243.35,244.7,25643,6350490.3,09-MAR-2011,
HINDUNILVR,EQ,283.4,283.9,278.5,279.7,279.15,281.75,1441408,404053011.7,09-MAR-2011,
HINDZINC,EQ,138,138,130.9,134.1,134.05,135.65,1244111,166427079.3,09-MAR-2011,
HIRECT,EQ,42.95,43.75,42.5,43.2,43.05,42.85,7972,344571.35,09-MAR-2011,
HITACHIHOM,EQ,186,191.5,186,189.2,188.2,184.75,34963,6611182.75,09-MAR-2011,
HITECHGEAR,EQ,103.2,107,103.2,106.95,107,105.45,686,72632.3,09-MAR-2011,
HITECHPLAS,EQ,84.35,89.5,84.1,84.8,84.1,87.4,1486,127598.7,09-MAR-2011,
HMT,EQ,61.9,62.55,60.6,61.35,60.6,61.4,137980,8518199.15,09-MAR-2011,
HMVL,EQ,151.95,154.8,145.75,150.9,150.5,149.8,18411,2775861.85,09-MAR-2011,
HNGSNGBEES,EQ,1392.03,1394.94,1388.64,1391.79,1388.64,1390.98,3,4175.61,09-MAR-2011,
HOCL,EQ,34.75,35.8,34.35,34.7,34.6,34.4,107596,3769576.9,09-MAR-2011,
HONAUT,EQ,2061,2134.9,2061,2108.6,2105,2133.15,348,736909.1,09-MAR-2011,
HONDAPOWER,EQ,378.6,381.4,368,370.05,370,385.2,1296,481943.35,09-MAR-2011,
HOPFL,EQ,45.1,47,45.1,46.55,46.25,46.55,3411,159022.4,09-MAR-2011,
HORIZONINF,EQ,207.35,207.4,199,204.3,202,203.6,850,173823.8,09-MAR-2011,
HOTELEELA,EQ,40,40.15,39.55,39.85,39.8,39.75,320245,12747696.7,09-MAR-2011,
HOTELRUGBY,EQ,11.45,11.65,10.7,11.2,11.2,10.85,2705,30376.65,09-MAR-2011,
HOVS,EQ,85.55,92.5,85.55,90.65,90.1,86.9,57936,5255131.4,09-MAR-2011,
HSIL,EQ,123.1,125.55,123.1,125,125,124.55,52185,6500531.2,09-MAR-2011,
HTMEDIA,EQ,136.2,137.9,135.05,136.2,136.9,134.85,61164,8321306.25,09-MAR-2011,
HYDRBADIND,EQ,359,384.4,348.7,379.05,381.95,353.15,79695,29610710.05,09-MAR-2011,
HYDROS&S,EQ,23.65,23.65,22.55,22.9,23,23.3,300,6895.75,09-MAR-2011,
IBN18,EQ,96,101,94.2,96.9,96.05,97.95,42138,4033513.8,09-MAR-2011,
IBPOW,EQ,22.4,22.5,22.2,22.3,22.25,22.15,85003,1900186.4,09-MAR-2011,
IBREALEST,EQ,109.9,113.85,109.5,113.3,113.7,109.25,2584714,288467522.7,09-MAR-2011,
IBSEC,EQ,16.9,16.9,16.3,16.35,16.35,16.4,387712,6374272,09-MAR-2011,
ICICIBANK,EQ,1029.7,1040,1021.3,1035.25,1031.05,1020.6,3100874,3202662871.85,09-MAR-2011,
ICIL,EQ,14.3,15.75,14.3,14.45,14.4,15,2660,39812,09-MAR-2011,
ICRA,EQ,1039.6,1039.6,1030,1030.55,1035.95,1028.95,1226,1264421.05,09-MAR-2011,
ICSA,EQ,128.7,128.85,125.6,126.6,126.5,127.9,46720,5927809.7,09-MAR-2011,
IDBI,EQ,137.05,139.5,136.8,138.3,138.25,137.85,1448624,200312263.75,09-MAR-2011,
IDEA,EQ,61.9,62.55,61.4,61.85,61.85,61.9,2738577,169411077.9,09-MAR-2011,
IDFC,EQ,145.1,146.8,142.2,144.95,145.05,143.75,5645438,815332721.9,09-MAR-2011,
IFBAGRO,EQ,68.1,68.1,64.1,65.45,65.5,64.35,675,44225.6,09-MAR-2011,
IFBIND,EQ,113,115,110,112,112.6,112.3,13761,1552710.15,09-MAR-2011,
IFCI,EQ,54.95,55.5,53.4,54.3,54.1,54.4,20638005,1123635560.1,09-MAR-2011,
IFGLREFRAC,EQ,31,31.2,30.5,30.9,31,30.85,4716,145490.3,09-MAR-2011,
IGARASHI,EQ,71,76.9,68.7,70.05,68.7,72.85,3415,244572.25,09-MAR-2011,
IGL,EQ,295,306.45,295,305.75,305.55,296.05,235339,71094179.9,09-MAR-2011,
IGPL,EQ,28,29.45,27.25,27.6,28,27.2,176,4889.95,09-MAR-2011,
IITL,EQ,161,161,161,161,161,157.6,34900,5618900,09-MAR-2011,
IL&FSENGG,EQ,177.9,179,176,178.3,178.4,176.1,16854,2998998.2,09-MAR-2011,
IL&FSTRANS,EQ,192.2,198.8,191,195.25,195.05,190.55,567358,110488944.9,09-MAR-2011,
IMFA,BE,550,574.4,550,569.3,574.4,557.25,1208,666976.55,09-MAR-2011,
IMPAL,EQ,680,680,680,680,680,675,5,3400,09-MAR-2011,
IMPEXFERRO,EQ,9.4,9.4,9.1,9.2,9.1,9.25,2751,25191.75,09-MAR-2011,
INDBANK,EQ,12.55,12.55,11.75,11.85,11.8,11.8,14815,176483.2,09-MAR-2011,
INDHOTEL,EQ,84,84.3,81.65,83.05,83,83,474073,39283496.2,09-MAR-2011,
INDHOTEL,N4,105.39,105.39,103.55,103.55,103.55,103.13,309,32182.3,09-MAR-2011,
INDIABULLS,EQ,143.4,145.35,141.4,142.3,141.7,142.55,510109,73072990.95,09-MAR-2011,
INDIACEM,EQ,92,94,91.45,93.45,93.8,91.4,367166,33967924.7,09-MAR-2011,
INDIAGLYCO,EQ,112.95,116,108.75,109.55,109,111.15,122374,13654862.4,09-MAR-2011,
INDIAINFO,EQ,74.2,74.2,70.55,71.9,71.7,72.5,929522,66674345.9,09-MAR-2011,
INDIANB,EQ,225.45,230.25,224.5,229.15,229.3,223.7,294199,67161462.75,09-MAR-2011,
INDIANCARD,EQ,108.35,116.4,108,115,115,107.55,1325,149703.9,09-MAR-2011,
INDIANHUME,EQ,130,134.9,129.1,130.75,130,129.95,6368,832015.95,09-MAR-2011,
INDLMETER,EQ,63.95,64,62.35,62.35,62.4,63.1,3115,194709.65,09-MAR-2011,
INDNIPPON,EQ,228,230,227.9,230,230,229,141,32266.15,09-MAR-2011,
INDOASIFU,EQ,75.55,76.85,74.8,76.45,76.7,76,4483,339959.3,09-MAR-2011,
INDOCO,EQ,395,410,392,408.6,408,398.15,2825,1142483.15,09-MAR-2011,
INDORAMA,EQ,62.5,64.5,62.4,64,64.5,61.9,126370,8061571.15,09-MAR-2011,
INDOSOLAR,EQ,18.55,18.95,18.2,18.6,18.5,18.55,291968,5408511.05,09-MAR-2011,
INDOTECH,EQ,150.05,150.5,148,148.35,148.45,149.4,1490,222060.9,09-MAR-2011,
INDOWIND,EQ,19.7,19.7,19.2,19.25,19.2,19.2,36671,709645,09-MAR-2011,
INDRAMEDCO,EQ,35.1,35.1,34.55,34.8,34.85,34.55,22085,766851.75,09-MAR-2011,
INDSWFTLAB,EQ,91.5,94.5,91.3,92.2,92.1,91.3,50801,4719191.25,09-MAR-2011,
INDSWFTLTD,EQ,30.2,30.3,29.7,29.85,29.7,29.65,8673,260200.65,09-MAR-2011,
INDUSFILA,EQ,23.35,24.9,23.35,24.9,24.9,24.4,8,188.35,09-MAR-2011,
INDUSINDBK,EQ,248.4,252.25,243.1,244.5,243.5,248.4,767541,190659173.6,09-MAR-2011,
INEABS,EQ,343.75,357.8,343.75,347.8,347.5,347.55,145,50112.75,09-MAR-2011,
INFINITE,EQ,159,161.5,158.15,160.5,161.25,157.05,6489,1040298.15,09-MAR-2011,
INFODRIVE,EQ,18.4,18.4,17.85,17.85,17.85,18.15,4846,87664.6,09-MAR-2011,
INFOMEDIA,EQ,21.05,21.85,21.05,21.4,21.4,21.65,6950,150503.95,09-MAR-2011,
INFOSYSTCH,EQ,3120,3132.8,3071,3095.5,3090,3116.3,834555,2581938372.45,09-MAR-2011,
INFOTECENT,EQ,163.55,163.95,160.2,161.15,161.95,161.5,1821,294718.25,09-MAR-2011,
INFRABEES,EQ,292.75,292.75,288.61,288.61,288.61,290.75,84,24442.57,09-MAR-2011,
INGERRAND,EQ,415,418.5,409.95,414.8,415,417.2,3208,1323908.25,09-MAR-2011,
INGVYSYABK,EQ,311.6,314,308,308.8,308.2,308.95,26142,8133411.05,09-MAR-2011,
INOXLEISUR,EQ,45.35,46.7,45.35,46,46.25,45.9,70357,3247533.05,09-MAR-2011,
INSECTICID,EQ,303.45,308.7,297,299.3,298.25,299.65,163355,49412176.9,09-MAR-2011,
IOB,EQ,141.8,148,141.8,146.2,148,140.95,1334379,193193879.9,09-MAR-2011,
IOC,EQ,315,315,302.5,307.8,308.1,309.9,731586,225423244.55,09-MAR-2011,
IOLCP,EQ,38.95,38.95,36.7,37,37,38.5,2203,83542.8,09-MAR-2011,
IOLN,EQ,9,9.4,8.2,8.7,8.6,9,21330,188986.75,09-MAR-2011,
IPCALAB,EQ,263.9,276.4,263,273.45,274.5,261.15,88619,24082408.95,09-MAR-2011,
IPGETF,EQ,2106,2106,2071.15,2080.05,2080,2103.9,127,265009,09-MAR-2011,
IRB,EQ,187.7,191.7,187.35,188.85,189,186.1,541050,102609762.95,09-MAR-2011,
ISFT,EQ,67.95,68.4,66.75,67.95,68.4,67.5,1937,130811.8,09-MAR-2011,
ISMTLTD,EQ,52,53.8,50.9,51.25,51.25,49.1,402232,20871836.05,09-MAR-2011,
ISPATIND,EQ,22.45,22.6,22.15,22.45,22.45,22.4,2712459,60795682.4,09-MAR-2011,
ISPATIND,P1,8.35,9,8.35,8.7,8.75,8.75,38935,339460.2,09-MAR-2011,
ITC,EQ,172.4,173.15,170.6,171.75,170.9,171.95,4216081,723988635.4,09-MAR-2011,
ITDCEM,EQ,199.8,210,193,204.5,202,192,1979,404831.8,09-MAR-2011,
ITI,EQ,33.9,34.25,33.55,33.7,33.65,33.65,94335,3186743.8,09-MAR-2011,
IVC,EQ,33.05,34.2,32.6,33,33.1,34,68691,2272254.2,09-MAR-2011,
IVP,EQ,44.9,44.9,41.15,41.6,41.6,43.4,169,7008.45,09-MAR-2011,
IVRCLAH,EQ,54.5,55.25,53.5,54.8,54.15,54.05,17620,959646.45,09-MAR-2011,
IVRCLINFRA,EQ,73.95,77.2,73.8,76.7,76.55,73.55,5042006,381160653,09-MAR-2011,
J&KBANK,EQ,788.8,794.5,780,790.2,787.5,782.7,31536,24864104.75,09-MAR-2011,
JAGRAN,EQ,117.75,118.05,115.55,116.75,116.5,118.05,10230,1197110.85,09-MAR-2011,
JAGSNPHARM,EQ,14.15,15.7,14.15,15.15,15.05,15.4,6204,94240,09-MAR-2011,
JAIBALAJI,EQ,187.5,187.5,178.4,179.85,179.9,183.7,13580,2449902.6,09-MAR-2011,
JAICORPLTD,EQ,171.05,174.85,168,170.45,170,169.25,893800,153697321.5,09-MAR-2011,
JAINSTUDIO,EQ,9,9,7.2,7.65,7.7,7.7,1400,10814,09-MAR-2011,
JAMNAAUTO,EQ,130.2,138.4,130.05,130.1,130.05,134.9,678,88985.65,09-MAR-2011,
JAYAGROGN,EQ,94.95,100,92,92.85,93,88.2,11302,1059518.25,09-MAR-2011,
JAYBARMARU,EQ,76,88.1,75.15,81.5,87,76.95,15183,1209212.95,09-MAR-2011,
JAYNECOIND,EQ,25.2,26.6,25.2,25.9,26,25,187705,4874266.3,09-MAR-2011,
JAYSREETEA,EQ,148.2,163.5,148.2,158.65,158,146.8,1124081,178843352.95,09-MAR-2011,
JBCHEPHARM,EQ,137.6,144,137,139.75,138.35,136.25,386697,54557134.35,09-MAR-2011,
JBFIND,EQ,167.4,168.8,165.1,167.75,166.5,166.5,150317,25119275.55,09-MAR-2011,
JBMA,EQ,58.5,64.9,58.5,60.85,60.05,60.2,6475,390277.65,09-MAR-2011,
JCTEL,BE,1.4,1.4,1.3,1.3,1.3,1.35,2264,3070.6,09-MAR-2011,
JENSONICOL,EQ,3.95,4.05,3.8,3.95,4,4,15658,61136.35,09-MAR-2011,
JETAIRWAYS,EQ,444,459.3,444,455.35,455.8,442,1629387,737844985.75,09-MAR-2011,
JHS,EQ,64.9,65.4,62.1,63.4,63.25,64.35,24776,1580436.55,09-MAR-2011,
JIKIND,EQ,8.15,8.6,8.15,8.45,8.6,8.3,3201,26796.95,09-MAR-2011,
JINDALPHOT,EQ,182.95,191.35,179,182.2,180.5,180.45,1523453,283551261.15,09-MAR-2011,
JINDALPOLY,EQ,433.6,449,433.5,439.85,439.3,433.4,595169,263080029.85,09-MAR-2011,
JINDALSAW,EQ,197.8,198.5,195.4,197.7,197.2,196.65,160107,31590647.5,09-MAR-2011,
JINDALSTEL,EQ,670,677.7,660,665.9,665.5,670.85,432970,288267976.35,09-MAR-2011,
JINDALSWHL,EQ,944.9,953.85,927.15,941.8,940,935,73022,68707199.55,09-MAR-2011,
JINDCOT,EQ,111,113,105.15,106.75,105.15,110.95,33532,3668071.15,09-MAR-2011,
JINDRILL,EQ,494.5,502.7,476.4,480.45,481,491.55,95058,46566648.95,09-MAR-2011,
JINDWORLD,EQ,300,315,293,301.3,300.65,300.05,126847,38671614.85,09-MAR-2011,
JISLJALEQS,EQ,191,192.7,187.75,190.8,190.55,189.7,537121,102329429.3,09-MAR-2011,
JKCEMENT,EQ,135,135,131,133.85,134,133.95,5889,788549.15,09-MAR-2011,
JKIL,EQ,138.75,143.75,137,141.6,143,136.7,9052,1263359.75,09-MAR-2011,
JKLAKSHMI,EQ,45.25,45.8,44.6,45.55,45.5,45.45,43366,1963882.15,09-MAR-2011,
JKPAPER,EQ,46.5,47.45,45.4,46.15,46.45,46.45,90146,4174940.35,09-MAR-2011,
JKTYRE,EQ,86.55,87.45,84.8,86.15,85.55,85.2,152901,13162306.75,09-MAR-2011,
JMCPROJECT,EQ,164,167,160,161.95,161,165.1,3285,531335.15,09-MAR-2011,
JMFINANCIL,EQ,22.65,22.9,22.3,22.65,22.65,22.45,516002,11663037.05,09-MAR-2011,
JOCIL,EQ,267,273.55,267,272.25,271.5,267.1,1036,280301.4,09-MAR-2011,
JPASSOCIAT,EQ,85.1,85.85,83.1,85.35,85.4,84.2,14843834,1258790395.75,09-MAR-2011,
JPINFRATEC,EQ,59,59.5,58.55,58.85,58.85,58.65,138462,8162586.55,09-MAR-2011,
JPPOWER,EQ,40.3,40.9,39.9,40.4,40.3,40.25,375373,15154343.8,09-MAR-2011,
JSL,EQ,85,85,83.6,83.95,84,83.95,37986,3196490.6,09-MAR-2011,
JSWENERGY,EQ,74.3,75,73.6,74.1,74,73.7,382218,28392873.75,09-MAR-2011,
JSWSTEEL,EQ,939.9,972.4,935,967.05,964.85,936.85,2092685,1992473128.65,09-MAR-2011,
JUBILANT,EQ,168,168.45,163.2,164.25,163.2,165.35,85924,14236772.2,09-MAR-2011,
JUBLFOOD,EQ,568.35,568.5,546.65,549.8,550.35,558.5,354025,196841122.9,09-MAR-2011,
JUBLINDS,EQ,183.1,194.7,183.1,188.85,190,186.15,26901,5064138.85,09-MAR-2011,
JUMBO,EQ,26.55,26.65,25,26.65,26.65,24.2,131641,3458635.7,09-MAR-2011,
JUNIORBEES,EQ,107.4,107.99,107.1,107.32,107.15,106.78,16530,1776682.65,09-MAR-2011,
JUPITER,EQ,21.25,22.05,20.45,21.3,21.25,20.7,487049,10323230.3,09-MAR-2011,
JYOTHYLAB,EQ,229,238,229,235.05,235,231,40298,9468333.4,09-MAR-2011,
JYOTISTRUC,EQ,84.5,84.5,82,83.05,83.2,82.7,116151,9651862.1,09-MAR-2011,
JYOTISTRUC,N1,112.45,112.45,110,110,110,111.5,801,89840.5,09-MAR-2011,
JYOTISTRUC,W1,10.65,10.65,10.65,10.65,10.65,8.85,1405,14963.25,09-MAR-2011,
KABRAEXTRU,EQ,62,66,61.6,61.7,61.6,59.65,47246,2962282,09-MAR-2011,
KAJARIACER,EQ,68.1,69,68.1,68.85,68.5,68.8,7020,483233.15,09-MAR-2011,
KAKATCEM,EQ,70.55,71,70.2,71,71,70.7,185,13067.5,09-MAR-2011,
KALECONSUL,EQ,99.05,104.3,98.7,100.5,100.3,96.9,26988,2744038.6,09-MAR-2011,
KALINDEE,EQ,99.75,103.25,99.75,100.75,100.5,99.75,628461,63787903.55,09-MAR-2011,
KALPATPOWR,EQ,113.2,115.75,108.9,112.5,112.3,114.35,210564,23362256.6,09-MAR-2011,
KALYANIFRG,BE,140,142,140,142,142,136,50,7087,09-MAR-2011,
KAMATHOTEL,EQ,84,87.95,81.5,86,86.45,85.7,2034,172629.55,09-MAR-2011,
KANDAGIRI,EQ,92.75,93.6,92.75,93.6,93.6,95.05,105,9824.7,09-MAR-2011,
KANORICHEM,EQ,25.9,26.75,25.65,25.8,25.75,25.9,25529,662889.35,09-MAR-2011,
KANSAINER,EQ,755,760,750.5,755.25,755.1,757.6,969,730942.6,09-MAR-2011,
KARURKCP,EQ,37,38.9,37,37.85,38.35,36.6,690,26271,09-MAR-2011,
KARURVYSYA,EQ,395,400,392,397.25,397.95,394.8,55452,22051585.3,09-MAR-2011,
KAUSHALYA,EQ,12.5,13.4,11.6,12,12,11.5,10426,124300.3,09-MAR-2011,
KAVVERITEL,EQ,111.5,111.9,109.05,110.2,111.9,109.75,78936,8756197.75,09-MAR-2011,
KBIL,EQ,484.05,500,484,499,499,500,648,317234.45,09-MAR-2011,
KCP,EQ,26.25,26.5,25.85,26.1,25.85,25.85,14445,376229.3,09-MAR-2011,
KCPSUGIND,EQ,17.05,17.75,16.7,17.6,17.5,17.15,40809,706593.5,09-MAR-2011,
KEC,EQ,75.9,76.8,74.6,75.45,75,74.7,99225,7516349.2,09-MAR-2011,
KECL,EQ,48.7,48.7,45.55,46.9,47,45.95,29935,1385883.95,09-MAR-2011,
KEI,EQ,22.4,22.5,22,22.35,22.4,22.2,26711,596755.3,09-MAR-2011,
KEMROCK,EQ,493,495,486,487.75,486.05,488.55,65344,31985927.95,09-MAR-2011,
KERNEX,EQ,81.15,83.45,79,82.1,81,80.75,61533,5035408.75,09-MAR-2011,
KESARENT,EQ,50,53.5,50,50.05,50.05,50.8,529,26461.15,09-MAR-2011,
KESORAMIND,EQ,199,199,192.4,194.05,193.1,193.2,186667,36117783.1,09-MAR-2011,
KFA,EQ,41.15,42,40.7,41.05,40.8,40.7,2609318,107584631.5,09-MAR-2011,
KGL,EQ,14.25,14.4,14.05,14.1,14.15,14.15,1107621,15638151.65,09-MAR-2011,
KHAITANELE,EQ,112.3,118.95,112.3,118.2,118,115.9,190,21868.2,09-MAR-2011,
KHAITANLTD,EQ,36.45,36.45,36.45,36.45,36.45,34.85,40,1458,09-MAR-2011,
KHANDSE,EQ,14.85,16.5,14.85,15.95,16.5,15.55,256,4081.2,09-MAR-2011,
KICL,EQ,762,795,762,781.45,780,750.05,435,341579.9,09-MAR-2011,
KIL,EQ,19.4,19.8,19,19.4,19.7,19.35,6702,129316.15,09-MAR-2011,
KILITCH,EQ,64.55,65.55,63.2,63.85,63.4,66.05,450,28973.6,09-MAR-2011,
KINETICMOT,EQ,23.05,23.4,22.35,23.25,23.2,22.45,21394,493751.5,09-MAR-2011,
KIRIDYES,EQ,327.9,330.8,311.2,313.3,313.65,322.15,48404,15516967.65,09-MAR-2011,
KIRLOSBROS,EQ,127.3,128.75,120.1,122.85,120.8,126.8,44297,5524008.1,09-MAR-2011,
KIRLOSENG,EQ,138,144.9,136.15,139.15,140,138.75,1002,138998.1,09-MAR-2011,
KIRLOSIND,EQ,353.85,359,346.25,351.75,352.95,353.85,2178,765028.6,09-MAR-2011,
KITPLYIND,EQ,4.65,4.9,4.6,4.8,4.8,4.6,21956,104533.8,09-MAR-2011,
KKCL,EQ,483.65,488.9,480,483.45,480.55,488.55,338,163500.85,09-MAR-2011,
KLGSYSTEL,EQ,63.2,63.2,61,61.65,61.75,61.3,21816,1342434.25,09-MAR-2011,
KLRF,EQ,29.85,31.35,29.85,30.95,31.35,28.4,3285,99031.75,09-MAR-2011,
KMSUGAR,EQ,4,4.15,3.9,4.1,4.15,4,12522,50279.6,09-MAR-2011,
KNRCON,EQ,112,112,110,110.85,110.5,110,4053,448364.9,09-MAR-2011,
KOHINOOR,EQ,46.5,47.5,45.6,46.1,46.2,45.95,24751,1144663.9,09-MAR-2011,
KOLTEPATIL,EQ,39,40,38.5,39.15,39.15,39.35,15573,611827.75,09-MAR-2011,
KOPDRUGS,EQ,6.2,7.05,6.15,6.5,6.55,6.55,15572,103210.1,09-MAR-2011,
KOPRAN,EQ,24,26.1,23.4,26.1,26.1,23.7,44164,1122014.15,09-MAR-2011,
KOTAKBANK,EQ,425,436.9,424.9,431.75,430,423.2,1632541,705918150.1,09-MAR-2011,
KOTAKGOLD,EQ,2046.2,2046.2,2032,2038.25,2044,2042.9,2189,4457335.1,09-MAR-2011,
KOTAKNIFTY,EQ,556,560,552,555,555,556,266,148273.74,09-MAR-2011,
KOTAKPSUBK,EQ,443,443,438,438.08,438,441,180,79416.5,09-MAR-2011,
KOTARISUG,EQ,6.9,7,6.75,6.85,6.9,6.85,15475,105093.15,09-MAR-2011,
KOTHARIPET,EQ,6.35,6.8,6.35,6.5,6.5,6.7,113867,759634.6,09-MAR-2011,
KOTHARIPRO,EQ,373,378.95,365.15,368.75,368.75,367,362,134108.05,09-MAR-2011,
KOUTONS,EQ,30,30.35,29.5,29.6,29.75,29.6,135679,4033902,09-MAR-2011,
KOVAI,BE,121,121,120,120.1,120.1,121.2,60,7216,09-MAR-2011,
KPIT,EQ,151.45,165,151.45,163.6,163.5,150.55,720433,115711601.75,09-MAR-2011,
KPRMILL,EQ,164.5,172.5,164.5,171.2,171,162.1,18317,3099408.35,09-MAR-2011,
KRBL,EQ,28.35,29.9,28,28.2,28.3,27.8,944551,26836758.65,09-MAR-2011,
KRISHNAENG,EQ,2.5,2.5,2.5,2.5,2.5,2.6,4490,11225,09-MAR-2011,
KSBPUMPS,EQ,480,481.85,475.3,477.55,478,475.25,721,344797.55,09-MAR-2011,
KSCL,EQ,348,348,332,341.6,342,341.2,1852,626728.05,09-MAR-2011,
KSE,EQ,168.95,168.95,168.95,168.95,168.95,162.45,1,168.95,09-MAR-2011,
KSERASERA,EQ,11.05,11.05,11,11,11.05,11,182187,2005131.1,09-MAR-2011,
KSK,EQ,108,108,104.05,104.75,104.55,107,13952,1471186.1,09-MAR-2011,
KSL,EQ,85.9,85.9,84.2,84.85,84.2,84.3,15465,1313338.15,09-MAR-2011,
KSOILS,EQ,32.7,33.7,32.3,33.25,33.4,32.3,844045,27951645.15,09-MAR-2011,
KTIL,EQ,82,89.85,82,84,84,89.4,3266,276681.7,09-MAR-2011,
KTKBANK,EQ,112.3,112.85,110.25,111.65,111.15,111.8,495515,55306558.45,09-MAR-2011,
KWALITY,EQ,112.45,112.45,109.5,110.25,110.5,110.95,755294,83407304.3,09-MAR-2011,
L&TFINANCE,N1,1012.15,1012.15,1012.1,1012.1,1012.1,1016,3,3036.35,09-MAR-2011,
L&TFINANCE,N2,1038.5,1038.79,1030.1,1036,1036,1030.57,146,150582.08,09-MAR-2011,
L&TFINANCE,N3,1139.99,1140,1139.99,1140,1140,1125.01,71,80939.95,09-MAR-2011,
L&TFINANCE,N4,1071.45,1071.5,1070,1070.5,1071.5,1071,1403,1502694.5,09-MAR-2011,
L&TFINANCE,N5,952,962.4,952,952.61,952.05,951.05,152,144790.85,09-MAR-2011,
L&TFINANCE,N6,955.1,955.1,955,955,955,953.05,250,238760,09-MAR-2011,
LAKPRE,EQ,46.5,51,46.5,49.75,49.05,49.5,1869,93339.15,09-MAR-2011,
LAKSHMIEFL,EQ,44.1,45,42.1,43,42.95,44.35,68678,2968352.8,09-MAR-2011,
LAKSHMIFIN,BE,37,37,37,37,37,38.5,277,10249,09-MAR-2011,
LAKSHMIMIL,EQ,2000,2098.75,2000,2094.1,2094.9,2062.8,60,124290.5,09-MAR-2011,
LAKSHVILAS,EQ,100,102.3,98.35,98.85,98.5,99.25,73276,7304030.5,09-MAR-2011,
LANCOIN,EQ,38,38,37.1,37.4,37.3,37.15,32043,1198702.55,09-MAR-2011,
LAOPALA,EQ,60.65,63,60.65,62.7,62.75,62.05,1026,64111.55,09-MAR-2011,
LAXMIMACH,EQ,2135,2150,2111.15,2144.7,2150,2126.8,1133,2420790,09-MAR-2011,
LCCINFOTEC,EQ,0.9,0.9,0.85,0.85,0.85,0.85,9391,7989.8,09-MAR-2011,
LGBBROSLTD,EQ,252.1,264.5,252.1,257.95,259,259.55,3630,943492.05,09-MAR-2011,
LGBFORGE,EQ,3.2,3.2,2.75,2.8,2.8,2.75,6468,18382.8,09-MAR-2011,
LIBERTSHOE,EQ,84.5,86.35,83.1,83.4,83.8,83.05,29178,2472873.65,09-MAR-2011,
LICHSGFIN,EQ,197,202.6,197,201.65,201.65,196.95,9458610,1895463841.35,09-MAR-2011,
LIQUIDBEES,EQ,1000.01,1000.01,999.99,999.99,999.99,999.99,178585,178583857.28,09-MAR-2011,
LITL,EQ,38.2,38.85,37.55,38.7,38.65,38,6149095,236676543.35,09-MAR-2011,
LLOYDELENG,EQ,57.8,59.4,57.1,58.9,59.1,58.15,30590,1796849.3,09-MAR-2011,
LLOYDFIN,EQ,1.3,1.35,1.25,1.35,1.35,1.3,5665,7235.3,09-MAR-2011,
LLOYDSTEEL,EQ,17.15,17.15,16.55,16.65,16.65,16.85,261364,4381385.55,09-MAR-2011,
LML,EQ,9.35,9.35,9.2,9.25,9.25,9.25,59633,552062.95,09-MAR-2011,
LOGIXMICRO,EQ,16.7,16.8,15.35,16.55,16.4,15.95,24025,388818.1,09-MAR-2011,
LOKESHMACH,EQ,39,39.85,37.75,39.5,38.4,38.35,9177,361909.35,09-MAR-2011,
LOTUSEYE,EQ,11.4,11.9,11.4,11.7,11.8,11.55,11373,133494.1,09-MAR-2011,
LPDC,EQ,3,3.1,2.8,2.9,2.9,2.95,2416,7081.9,09-MAR-2011,
LT,EQ,1580,1585.9,1557.6,1570.45,1566,1565.15,942765,1481390018.5,09-MAR-2011,
LUMAXAUTO,EQ,35.1,35.1,34.6,34.8,34.8,35.15,1229,42802.8,09-MAR-2011,
LUMAXIND,EQ,310,310,305.1,307.2,305.35,305,803,248003.4,09-MAR-2011,
LUMAXTECH,EQ,140,140.7,135,140.15,140,138.75,32922,4611395.3,09-MAR-2011,
LUPIN,EQ,392.75,396.7,390.25,394.55,394.9,391.4,543121,214155990.7,09-MAR-2011,
LYKALABS,EQ,22.9,24.8,22.5,23.9,23.85,20.8,504345,12138619.05,09-MAR-2011,
M&M,EQ,665.35,673.75,664,669.1,668.1,664.7,1561348,1045392605.05,09-MAR-2011,
M&MFIN,EQ,710,711,707,709.05,709,706.15,55486,39385013.9,09-MAR-2011,
M100,EQ,7.73,7.73,7.49,7.56,7.64,7.53,593340,4488721.21,09-MAR-2011,
M50,EQ,76.07,77.1,76,76.3,76,76.27,41275,3152990.97,09-MAR-2011,
MADHAV,EQ,19,20.75,19,19.85,20,19.75,1836,35942.8,09-MAR-2011,
MADHUCON,EQ,91.5,92.2,90.5,91.25,91,90.65,68697,6270507.85,09-MAR-2011,
MADRASCEM,EQ,94,94.65,92.75,93.25,93.8,92.75,18942,1768985,09-MAR-2011,
MADRASFERT,EQ,23.7,24.4,22.65,22.9,22.85,23,555697,12922363.55,09-MAR-2011,
MAGMA,EQ,58.5,59.95,58.5,59.55,59.3,59.85,117796,7006027.45,09-MAR-2011,
MAGNUM,EQ,6.55,6.55,6,6.25,6.05,6.3,14071,87270.2,09-MAR-2011,
MAHABANK,EQ,57.5,58.1,57.5,57.65,57.6,57.25,73588,4248056.85,09-MAR-2011,
MAHINDFORG,EQ,61,65,58.6,64.4,65,59.7,86872,5429670.95,09-MAR-2011,
MAHINDUGIN,EQ,50.9,51.95,50.1,50.45,50.4,50.4,8355,422469.25,09-MAR-2011,
MAHLIFE,EQ,348,368.2,345.5,360.2,359,351.25,5763,2059156.8,09-MAR-2011,
MAHSCOOTER,EQ,331,356,325.2,330,328,347.1,3844,1304865.2,09-MAR-2011,
MAHSEAMLES,EQ,335,338.95,333,334.7,334.85,334.45,2403,806359.65,09-MAR-2011,
MALUPAPER,EQ,12.45,12.45,12.45,12.45,12.45,12.4,202,2514.9,09-MAR-2011,
MALWACOTT,EQ,38,40.5,38,39.2,39.15,39.6,1058,41443.95,09-MAR-2011,
MANAKSIA,EQ,80.55,84.9,79.35,83.45,83.5,81.1,67017,5579221.1,09-MAR-2011,
MANALIPETC,BL,11.95,11.95,11.95,11.95,11.95,5,54400000,650080000,09-MAR-2011,
MANALIPETC,EQ,12,13.75,11.9,13.05,13.05,12.05,1488969,19670869.55,09-MAR-2011,
MANALU,EQ,40.1,40.4,40.1,40.4,40.4,40.4,101,4065.4,09-MAR-2011,
MANAPPURAM,EQ,121.9,123,118.1,118.85,118.2,119.85,525204,62871654.45,09-MAR-2011,
MANDHANA,EQ,279,279,248.2,254.65,252.2,256.05,117469,30036015.1,09-MAR-2011,
MANGALAM,EQ,11.7,12.6,11.5,12.45,12.6,12.2,1501,18267.6,09-MAR-2011,
MANGCHEFER,EQ,30.1,31.9,30,31.3,31.3,29.9,460740,14372146.15,09-MAR-2011,
MANGLMCEM,EQ,109,112.5,109,112.3,112.5,110,14039,1569317.7,09-MAR-2011,
MANGTIMBER,EQ,16.5,16.5,15.7,15.8,15.7,15.95,1356,21686.7,09-MAR-2011,
MANINDS,EQ,58.9,60,57.9,59.7,59.75,58.4,20572,1214200.5,09-MAR-2011,
MANINFRA,EQ,145.95,146,141,142,142.75,144.3,88821,12651983.55,09-MAR-2011,
MANJEERA,EQ,119.45,124.6,119.1,119.5,119.1,126,2805,336484.9,09-MAR-2011,
MANJUSHREE,EQ,73,76.5,73,75.45,75.45,75.25,10405,783303.15,09-MAR-2011,
MANUGRAPH,EQ,58.1,60.9,58.1,59.5,60.4,59.7,8419,502600.5,09-MAR-2011,
MARALOVER,EQ,14.35,14.35,14.35,14.35,14.35,14.6,21,301.35,09-MAR-2011,
MARG,EQ,110,110,106.05,107.1,107,109.45,148315,16067134.6,09-MAR-2011,
MARICO,EQ,131.1,132.05,128.4,131,132,132.05,63128,8230652.1,09-MAR-2011,
MARKSANS,EQ,2.65,2.7,2.6,2.7,2.65,2.65,145258,388361.1,09-MAR-2011,
MARUTI,EQ,1262,1283,1260.1,1266,1266.4,1256.15,181247,230329445.35,09-MAR-2011,
MASTEK,EQ,138,144.6,136.6,138.25,137.2,138.1,62726,8787237.35,09-MAR-2011,
MAWANASUG,EQ,22,22.7,22,22.5,22.4,21.95,2936,66089.1,09-MAR-2011,
MAX,EQ,143,145.5,142.8,144.25,144.2,143.15,53690,7721323.25,09-MAR-2011,
MAXWELL,EQ,19.2,19.35,17.6,18.15,18,18.7,492973,9069659.85,09-MAR-2011,
MBECL,EQ,237.05,242.5,237.05,241.65,242.45,239.75,13646,3284346.9,09-MAR-2011,
MBLINFRA,EQ,184.8,184.8,180,182.5,183,182.15,14299,2602999.55,09-MAR-2011,
MCDHOLDING,EQ,103.2,105.9,101.5,102.55,102.25,101.6,5138,525700.35,09-MAR-2011,
MCDOWELL-N,EQ,1099,1105,1062.3,1083.7,1076.1,1082.85,197851,213831750.55,09-MAR-2011,
MCLEODRUSS,EQ,235,253.9,226,248.9,248.35,228.45,4556985,1122823825.55,09-MAR-2011,
MEGASOFT,EQ,28,28,26,26.25,26.6,26.4,7134,188420.65,09-MAR-2011,
MEGH,EQ,13.85,13.9,13.4,13.75,13.75,13.7,61477,846292.15,09-MAR-2011,
MELSTAR,EQ,9,9,8.3,8.8,8.95,8.95,1225,10927.5,09-MAR-2011,
MERCK,EQ,580.45,588.55,575,580.75,582,578.9,40226,23311673.2,09-MAR-2011,
MHRIL,EQ,361,361,352.3,355.25,352.3,354.85,6107,2168453.15,09-MAR-2011,
MIC,EQ,25.5,25.55,24.3,24.75,24.8,24.75,94075,2331305.15,09-MAR-2011,
MICROSEC,EQ,40.05,41.8,40.05,40.5,40.3,40.7,148432,6051925.85,09-MAR-2011,
MICROTECH,EQ,129.7,129.95,126.4,128.6,129,127.15,9478,1211935.5,09-MAR-2011,
MID-DAY,EQ,6.7,7,6.7,6.7,6.75,6.75,49666,337664.65,09-MAR-2011,
MINDAIND,EQ,244.5,244.9,240.05,244.75,244.9,243.65,385,94052.45,09-MAR-2011,
MINDTREE,EQ,380,381,370.5,373.2,373.35,375.9,15033,5653582.6,09-MAR-2011,
MIRCELECTR,EQ,19.8,20.2,18.15,18.5,18.55,19.25,571803,10841096.7,09-MAR-2011,
MIRZAINT,EQ,20.5,20.5,19.5,20.1,20.15,19.8,30316,608839.75,09-MAR-2011,
MLL,EQ,37,39.25,36.7,38.9,38.8,37.3,2269223,86993157.75,09-MAR-2011,
MMFL,EQ,114,123,105.4,109.15,108,114.1,68590,8107281.6,09-MAR-2011,
MMFSL,EQ,91.4,93.1,88,92.9,93.1,88.65,97077,8966257.9,09-MAR-2011,
MMTC,EQ,970.1,987,955,957.7,955.6,961.05,10593,10270069.25,09-MAR-2011,
MOIL,EQ,399.9,401.4,395.05,395.95,396.15,397.35,181054,71953336.1,09-MAR-2011,
MONNETISPA,EQ,544,547.45,532.55,535.4,533.1,544.85,28125,15065471.05,09-MAR-2011,
MONSANTO,EQ,1554.3,1563,1525,1532.75,1540,1546.95,550,845370.8,09-MAR-2011,
MORARJETEX,EQ,20,20,17.35,18.2,18.2,17.7,1507,26379.2,09-MAR-2011,
MOREPENLAB,EQ,5.65,5.75,5.65,5.65,5.65,5.65,59109,336517.2,09-MAR-2011,
MOSERBAER,EQ,41.5,42,40.3,41.55,41.25,40.6,606359,24882629.1,09-MAR-2011,
MOTHERSUMI,EQ,202.9,203,196.35,199.4,197.85,199.95,42314,8446388.55,09-MAR-2011,
MOTILALOFS,EQ,135.1,135.95,129.5,130.05,129.8,134.25,63157,8334260,09-MAR-2011,
MOTOGENFIN,EQ,40.65,43.8,40.65,42.25,43.8,40.35,9,380.35,09-MAR-2011,
MPHASIS,EQ,469.85,470.85,462.25,467.5,467.65,466.15,1160801,540278522.05,09-MAR-2011,
MPSLTD,EQ,35.75,36.7,35.75,36.3,36.1,36.45,2907,104783.2,09-MAR-2011,
MRF,EQ,6052,6180,6052,6132.5,6105,6026.2,14110,86430794.8,09-MAR-2011,
MRO-TEK,EQ,18.8,20.35,18.1,19.2,19.35,19.15,36575,707933.35,09-MAR-2011,
MRPL,EQ,61.5,62.35,60.3,61.9,62.05,60.9,615134,37759460.45,09-MAR-2011,
MSPL,EQ,61.05,61.95,60.35,61,61.15,61.55,119811,7303871.65,09-MAR-2011,
MTNL,EQ,42.5,42.9,41.9,42.35,42.2,41.95,628439,26547286.2,09-MAR-2011,
MUDRA,EQ,56,56.5,55.95,56.25,56.5,56,12451,698379.95,09-MAR-2011,
MUKANDENGG,EQ,29.05,29.95,28.75,29,29.3,29.15,8443,246973.3,09-MAR-2011,
MUKANDLTD,EQ,43.15,45.1,43.15,44.5,44.45,44.35,9508,422506.4,09-MAR-2011,
MUKTAARTS,EQ,39.8,39.8,38.75,38.75,38.75,41,137,5361.3,09-MAR-2011,
MUNDRAPORT,EQ,133.1,134.3,129.65,131.05,131.2,132.7,1183691,155333068.25,09-MAR-2011,
MUNJALAU,EQ,109.8,112,107,110.8,109.1,108.85,2405,262176.3,09-MAR-2011,
MUNJALSHOW,EQ,49.9,49.95,48.4,49.15,49.95,48.75,54048,2650493.5,09-MAR-2011,
MURLIIND,EQ,36.9,37.3,36.9,37.3,37.3,35.5,19807,736315.45,09-MAR-2011,
MURUDCERA,EQ,18,18.65,18,18.5,18.4,18.45,1121,20666.75,09-MAR-2011,
MVL,EQ,27.6,28.65,27.6,28.3,28.35,28.05,468948,13284771.6,09-MAR-2011,
MVLIND,EQ,16.95,16.95,15.7,16.5,16,16.85,2785,45084.55,09-MAR-2011,
MYSOREBANK,EQ,658.9,671.8,645,649.4,645,643.65,32336,21280391.1,09-MAR-2011,
NAGARCONST,EQ,101.8,102.4,100.2,100.65,100.3,100.05,1353855,136370000.15,09-MAR-2011,
NAGARFERT,EQ,28,28,25.3,27.45,27.55,27.2,3948925,109159140.4,09-MAR-2011,
NAGREEKCAP,EQ,28,29.7,27.6,29.35,28.5,29.35,8338,230556,09-MAR-2011,
NAGREEKEXP,EQ,25.1,27.5,25.1,27.5,27.5,26.7,402,11052.6,09-MAR-2011,
NAHARCAP,EQ,68,69.8,67,67.05,67.05,68,42185,2860516.4,09-MAR-2011,
NAHARINDUS,EQ,56.1,58.8,56.1,57.2,57.75,56.2,782,45047.8,09-MAR-2011,
NAHARINVST,EQ,33,33,31,31.1,31.1,31,602,18664.1,09-MAR-2011,
NAHARSPING,EQ,93.9,93.9,91,92.5,92.8,91.25,9769,902965.7,09-MAR-2011,
NANDAN,EQ,2.05,2.05,1.9,1.95,2,2,233500,459589.2,09-MAR-2011,
NATCOPHARM,EQ,257.15,258,250,252.6,252,253.95,17522,4460474.85,09-MAR-2011,
NATIONALUM,EQ,454.65,468.4,454,460.3,459,452.4,315656,146123378.6,09-MAR-2011,
NATNLSTEEL,EQ,22.8,22.8,20.35,20.9,20.9,20.45,22825,480511.5,09-MAR-2011,
NAUKRI,EQ,611,620,605,615.15,617,609.6,3731,2286716.75,09-MAR-2011,
NAVINFLUOR,EQ,249,269.8,249,259,259.9,241.4,191718,50003000,09-MAR-2011,
NAVNETPUBL,EQ,55.7,55.7,54.3,55.25,55.3,55.25,67029,3689362.35,09-MAR-2011,
NBVENTURES,EQ,227.1,227.1,220,221.65,222,225.1,12486,2762667.5,09-MAR-2011,
NCLIND,EQ,28.45,28.45,26.05,26.8,26.8,26.7,1561,41815.2,09-MAR-2011,
NDTV,EQ,67,69.25,67,67.4,67.4,68,32318,2197677.05,09-MAR-2011,
NECLIFE,EQ,24.2,24.5,24,24.15,24,24.05,64421,1559659.25,09-MAR-2011,
NEHAINT,BE,120.55,129,120.55,128.05,128,123.45,29364,3727755.75,09-MAR-2011,
NELCAST,EQ,79.1,80.95,79.1,79.55,79.55,79.15,6179,495756.15,09-MAR-2011,
NELCO,EQ,73,73.5,72.5,73,72.6,72,48427,3535639.85,09-MAR-2011,
NEOCURE,EQ,2.7,3.2,2.7,3.1,3.1,3,7249,21330.8,09-MAR-2011,
NEPCMICON,EQ,4.85,4.85,4.5,4.6,4.6,4.65,8693,40047.3,09-MAR-2011,
NESCO,EQ,495,497.9,491.2,495,495,494.95,787,389566.95,09-MAR-2011,
NESTLEIND,EQ,3790,3996,3751.5,3964.65,3955,3804.7,40299,157834944,09-MAR-2011,
NET4,EQ,113,113,108,109.6,109.7,110.2,47027,5165213.45,09-MAR-2011,
NETWORK18,EQ,157,159.65,156,156.25,157.25,156.6,2085,326607.4,09-MAR-2011,
NETWORK18,P2,98.15,99.95,98.15,99.5,99.5,99.95,6355,634705.25,09-MAR-2011,
NEULANDLAB,EQ,123,124,120,123.9,123.9,122.95,1431,173069.5,09-MAR-2011,
NEYVELILIG,EQ,102.9,105.4,102.75,103.75,103.5,101.4,461911,48162543.65,09-MAR-2011,
NFL,EQ,107.1,109.4,106.5,107.05,106.8,105.1,444871,48036049.6,09-MAR-2011,
NHPC,EQ,23.45,23.7,23.4,23.45,23.45,23.35,2394863,56261267.1,09-MAR-2011,
NICCO,EQ,3.75,3.75,3.45,3.45,3.5,3.55,49179,172858.9,09-MAR-2011,
NIFTYBEES,EQ,563.65,563.9,555,560.04,557,558.47,37867,21125672.36,09-MAR-2011,
NIITLTD,EQ,49.85,49.9,49,49.15,49,49.25,65373,3221348.4,09-MAR-2011,
NIITTECH,EQ,191,191.8,181.3,183.5,186,189.95,137078,25248591.75,09-MAR-2011,
NILKAMAL,EQ,290,300,286,295.25,295,290.6,1534,450990.3,09-MAR-2011,
NIPPOBATRY,EQ,403,407.45,394,407.45,407.45,403.6,83,33405.65,09-MAR-2011,
NIRMA,EQ,253.1,254,253.05,253.25,253.15,253.8,8926,2262138.3,09-MAR-2011,
NISSAN,EQ,2.7,2.75,2.7,2.7,2.75,2.7,116608,318599.9,09-MAR-2011,
NITCO,EQ,51.5,52.75,51.1,51.85,51.6,51.25,7891,410824,09-MAR-2011,
NITESHEST,EQ,23.6,24.25,23.6,24.05,24.15,23.75,14502,348672.85,09-MAR-2011,
NITINFIRE,EQ,76.45,77.9,75.5,77.35,77.5,76.35,75513,5781596.2,09-MAR-2011,
NITINSPIN,EQ,11.3,11.85,11.3,11.55,11.5,11.6,14474,167988,09-MAR-2011,
NMDC,EQ,270.15,272.9,269,271.7,272.1,270.15,141626,38441665.95,09-MAR-2011,
NOCIL,EQ,17.25,17.55,16.8,16.9,16.95,17.15,437111,7474537.75,09-MAR-2011,
NOIDATOLL,EQ,26.2,27.9,26.1,27.2,27.25,26.15,483030,13072009.45,09-MAR-2011,
NORBTEAEXP,EQ,7.65,8.25,7.2,7.8,7.8,7.1,39370,301236.8,09-MAR-2011,
NORTHGATE,BE,14.7,14.9,14.1,14.6,14.55,14.2,12505,182704.3,09-MAR-2011,
NOVOPANIND,BE,34,35.2,34,34.1,34.1,33.5,955,33549.9,09-MAR-2011,
NRBBEARING,EQ,44.55,45.75,44.55,45.25,45.25,44.75,2950,133518.15,09-MAR-2011,
NRC,EQ,6.15,6.35,5.8,6.05,6.1,6.15,13684,83112.75,09-MAR-2011,
NSIL,EQ,788,788,770,773.25,773.25,789.9,9,6986.5,09-MAR-2011,
NTPC,EQ,180.6,181.1,177.2,177.75,177.55,180.15,775602,138356578.5,09-MAR-2011,
NUCHEM,EQ,5.15,5.2,4.55,5.1,4.8,4.75,6867,34607.45,09-MAR-2011,
NUCLEUS,EQ,84,88,82,82.75,82.5,83.5,157148,13368466.6,09-MAR-2011,
NUMERICPW,EQ,240,240,235.45,237.8,237,238.45,406,96192.95,09-MAR-2011,
NUTEK,EQ,11.35,11.7,11.05,11.4,11.3,11.3,158955,1802085,09-MAR-2011,
OBEROIRLTY,EQ,244,244,236,240.2,242.5,236.9,31082,7466145.8,09-MAR-2011,
OCL,EQ,96,98,95.55,96.6,96.55,95.65,11075,1071257.8,09-MAR-2011,
OFSS,EQ,2048.05,2086.95,2048.05,2069.05,2070,2059.05,12271,25393445.9,09-MAR-2011,
OIL,EQ,1221.25,1253.8,1221.25,1230.05,1230,1244.65,50350,62047188.75,09-MAR-2011,
OILCOUNTUB,EQ,70,72,70,71.4,71.65,70.15,5239,371259.9,09-MAR-2011,
OISL,EQ,44.75,46,44.6,44.95,45.45,44.75,10192,458136.15,09-MAR-2011,
OMAXAUTO,EQ,41.15,41.75,41.05,41.35,41.3,40.65,1772,73206.5,09-MAR-2011,
OMAXE,EQ,136.5,136.95,133.3,135.15,135.2,135.5,210151,28365081.9,09-MAR-2011,
OMKARCHEM,EQ,32.85,33.5,32.1,32.3,32.35,32.45,113507,3709182.95,09-MAR-2011,
OMNITECH,EQ,136.5,139,136,137.7,136.65,137.2,10373,1424434.15,09-MAR-2011,
ONGC,EQ,273,274.95,266.3,271.3,271,272.25,4501148,1222827800.2,09-MAR-2011,
ONMOBILE,EQ,225.4,226.8,222.1,224.2,224.5,223.65,187243,41953663.3,09-MAR-2011,
ONWARDTEC,EQ,41.55,41.55,36,38.85,39,38.05,5740,219765.65,09-MAR-2011,
OPTOCIRCUI,EQ,256.25,256.95,254.55,255.4,255.9,256.05,136801,34977321.75,09-MAR-2011,
ORBITCORP,EQ,49,50.9,49,50.45,50.5,49.05,678091,33960424.05,09-MAR-2011,
ORCHIDCHEM,EQ,278,282.65,275,281.25,281.3,275.4,2900439,810053505.8,09-MAR-2011,
ORIENTABRA,EQ,38,38.5,37.5,37.95,37.95,37.95,62461,2371363.8,09-MAR-2011,
ORIENTALTL,EQ,9.15,9.2,8.65,8.95,8.95,8.75,510,4468.95,09-MAR-2011,
ORIENTBANK,EQ,353,366.9,352,365.05,364.9,351.1,946076,341962753.85,09-MAR-2011,
ORIENTCERA,EQ,58,62.85,55,58.95,57.65,57.2,3047,178256.05,09-MAR-2011,
ORIENTHOT,EQ,28.75,28.95,28.6,28.6,28.7,28.7,9156,262331.7,09-MAR-2011,
ORIENTLTD,EQ,90,92,88.3,92,92,92.9,625,55731,09-MAR-2011,
ORIENTPPR,EQ,49,52.4,47.15,47.85,47.55,47.8,76681,3750588.65,09-MAR-2011,
ORISSAMINE,EQ,51950,53162.95,51040,51825.6,51500.5,51277.85,1049,54688277.5,09-MAR-2011,
OUDHSUG,EQ,30,31.5,29.8,31.15,30.5,30.15,6251,193016.2,09-MAR-2011,
PAEL,EQ,28,28,25.35,25.9,26,25.1,2992,78018.25,09-MAR-2011,
PAGEIND,EQ,1618,1618,1550.25,1568.9,1561.3,1553.85,260,406363.35,09-MAR-2011,
PANACEABIO,EQ,180,181.9,178.7,179.65,179.65,180,4202,756038,09-MAR-2011,
PANASONIC,EQ,118,118,114.9,117,117,117.9,221,26054.9,09-MAR-2011,
PANCARBON,EQ,139.75,139.75,130,132.4,133.65,130.9,101,13411.25,09-MAR-2011,
PANORAMUNI,EQ,16.7,19.6,16.7,17.7,17.7,16.85,19487,348777.05,09-MAR-2011,
PANTALOONR,EQ,269.25,275.6,264,265.35,264.6,268.55,390450,105039306.4,09-MAR-2011,
PAPERPROD,EQ,53.95,53.95,52.5,52.95,53,53.15,22266,1179034.8,09-MAR-2011,
PARABDRUGS,EQ,41,41.6,40.8,41.5,41.6,41.4,24419,1006752.75,09-MAR-2011,
PARACABLES,EQ,4.45,4.6,4.15,4.45,4.35,4.4,538651,2308792.9,09-MAR-2011,
PARAL,EQ,248.5,267,246.65,261.25,262.9,243.95,45980,11847100.05,09-MAR-2011,
PARASPETRO,EQ,0.65,0.65,0.6,0.6,0.65,0.65,5265,3296.6,09-MAR-2011,
PAREKHPLAT,EQ,4.45,4.65,4.3,4.4,4.6,4.7,3503,15491.4,09-MAR-2011,
PARRYSUGAR,EQ,123,124.05,123,123.15,123.15,125.45,106,13079.85,09-MAR-2011,
PARSVNATH,EQ,30.8,31.5,29.75,30.3,30.3,30.75,821087,25142118.55,09-MAR-2011,
PATELENG,EQ,139,145.35,139,142.4,142.25,138.35,1069645,152901457.2,09-MAR-2011,
PATINTLOG,EQ,21.65,23.9,21.65,22.55,22.55,23.35,708,15912.4,09-MAR-2011,
PATNI,EQ,453.7,456.75,452.55,456.2,456.05,452,307441,139832571,09-MAR-2011,
PATSPINLTD,EQ,16,17.5,16,16.75,16.75,17.35,3457,58864.1,09-MAR-2011,
PBAINFRA,EQ,57.4,58.5,56.6,57.45,57.15,56.5,15588,896253.85,09-MAR-2011,
PDPL,EQ,164.85,167,161.2,162.9,162.5,162.15,109227,17882040.85,09-MAR-2011,
PDUMJEIND,EQ,18.55,19.9,17.85,18.1,18.25,18.9,6861,124272.4,09-MAR-2011,
PDUMJEPULP,EQ,20.9,20.9,18.1,18.85,19.2,19.4,1034,19613.6,09-MAR-2011,
PEACOCKIND,EQ,2.85,2.85,2.3,2.6,2.3,2.5,678,1777.05,09-MAR-2011,
PEARLPOLY,EQ,14.85,14.85,14.1,14.1,14.1,13.95,681,9642.1,09-MAR-2011,
PENIND,EQ,46.4,46.4,45.05,45.2,45.2,45.3,2837,128208.65,09-MAR-2011,
PENINLAND,EQ,61,62,61,61.55,61,61.85,19934,1226736.65,09-MAR-2011,
PEPL,EQ,3.4,3.4,2.7,2.75,2.75,2.85,1109,3207,09-MAR-2011,
PERIATEA,EQ,97,104.95,97,103.75,102.95,102,693,71085.45,09-MAR-2011,
PERSISTENT,EQ,385.05,389.5,382,384.9,384.5,384.8,8118,3125843.05,09-MAR-2011,
PETRONENGG,EQ,312.1,339.85,305.4,316.1,315,325.85,3122,991272.15,09-MAR-2011,
PETRONET,EQ,115,119.25,112.5,116.05,116.4,114.25,1968616,229879373.65,09-MAR-2011,
PFC,EQ,255.85,258,253,254.4,253.6,255.35,353066,89973363.05,09-MAR-2011,
PFIZER,EQ,1200,1217,1195,1197.8,1197,1199.5,3797,4563052.15,09-MAR-2011,
PFOCUS,EQ,43.6,44.45,43.05,43.6,43.5,44,597019,25992539.75,09-MAR-2011,
PGHH,EQ,1690.05,1700,1646,1653.45,1649,1688.75,1349,2265063.35,09-MAR-2011,
PHILIPCARB,EQ,137.05,140.35,135.65,136.9,136.4,139.05,116141,15820724.95,09-MAR-2011,
PHOENIXLTD,EQ,174.7,174.7,168.4,170.2,170.05,171.6,3485,596588.5,09-MAR-2011,
PIDILITIND,EQ,136.5,137.95,136,137.4,137.05,137.05,31494,4312399.2,09-MAR-2011,
PIONDIST,EQ,51,51.2,50,51.2,51.2,50.8,346,17497,09-MAR-2011,
PIONEEREMB,EQ,19,19.25,18.75,18.8,18.8,18.75,7810,148112.9,09-MAR-2011,
PIPAVAVYD,EQ,81,81.5,80.25,81,80.75,81.05,692018,55995500.25,09-MAR-2011,
PIRGLASS,EQ,94.1,96.85,94.1,96.45,96.85,95.55,10296,992431.9,09-MAR-2011,
PIRHEALTH,EQ,467.95,468.25,463.25,464.85,464.45,467.35,84020,39088667.05,09-MAR-2011,
PIRLIFE,EQ,82.35,87.45,82.35,84.1,85.4,83.75,3577,305431.3,09-MAR-2011,
PITTILAM,EQ,39,39,38.05,38.15,38.05,38.15,1780,68335.45,09-MAR-2011,
PLASTIBLEN,EQ,174.9,174.9,160.1,165.95,165.95,160,875,145387.5,09-MAR-2011,
PLETHICO,EQ,363.25,372,363.05,369,370,368.05,234,85745.8,09-MAR-2011,
PNB,EQ,1092,1098.7,1070.05,1076.15,1070.25,1085.6,176848,191380557.65,09-MAR-2011,
PNBGILTS,EQ,24.25,24.4,23.85,24,24,24,62528,1500871.55,09-MAR-2011,
PNC,EQ,17.25,17.8,17.25,17.7,17.5,17.1,5939,104542.1,09-MAR-2011,
POCHIRAJU,EQ,17.15,17.55,16.9,17.25,17.1,16.95,10912,187275.2,09-MAR-2011,
POLARIND,EQ,4.55,4.7,4.4,4.7,4.7,4.45,6014,27478.2,09-MAR-2011,
POLARIS,EQ,192,193.1,187.45,188.8,188.35,190.25,742433,141065457.45,09-MAR-2011,
POLYPLEX,EQ,211.6,218.85,210.45,213.45,213.5,208.95,207037,44340237.9,09-MAR-2011,
PONDYOXIDE,EQ,25.7,26.05,25.25,25.35,25.25,25.55,7015,178421.45,09-MAR-2011,
PONNIERODE,EQ,90.1,92.95,90.1,91.95,92.95,89,722,66020.95,09-MAR-2011,
POWERGRID,EQ,98,98.5,97.6,98.05,98.05,97.95,2803553,274702865.55,09-MAR-2011,
PPAP,EQ,98,99.85,96.75,96.75,96.75,97.05,955,93718.45,09-MAR-2011,
PRADIP,EQ,71.55,73,71.5,72.15,72.7,71.75,3299,238410,09-MAR-2011,
PRAENG,EQ,12.15,12.5,12.05,12.4,12.35,12.2,18946,231658.15,09-MAR-2011,
PRAJIND,EQ,66.9,68.8,66.5,68.35,68.45,66.75,685858,46788222.55,09-MAR-2011,
PRAKASH,EQ,78.7,79.8,76.6,77.5,77.35,77.85,95913,7450467.15,09-MAR-2011,
PRAKASHSTL,EQ,122,123.1,121.6,122,122.55,122.2,12547,1538455.9,09-MAR-2011,
PRATIBHA,EQ,55,55.85,53.4,53.7,53.55,54.35,188960,10329378.85,09-MAR-2011,
PRECOT,EQ,161,172,161,166.95,166.95,164.65,107,17613,09-MAR-2011,
PRECWIRE,EQ,108.1,110.8,107.05,108.5,109.25,107.05,1803,195049.05,09-MAR-2011,
PREMIER,EQ,91.8,91.8,88,90.1,91.15,89.95,2487,222452.85,09-MAR-2011,
PRESTIGE,EQ,116,116,112.6,113.85,114,114.2,36277,4135408.45,09-MAR-2011,
PRETAILDVR,EQ,221,222,215,219.95,220,221.95,5386,1185378,09-MAR-2011,
PRICOL,EQ,17.15,18,17.15,17.8,17.9,17.45,20214,358287.75,09-MAR-2011,
PRIMESECU,EQ,27.55,28.65,27.5,28.05,27.5,28.45,21476,598393.4,09-MAR-2011,
PRISMCEM,EQ,51.25,52.75,51.25,51.75,52.15,51.8,346484,17980431.25,09-MAR-2011,
PRITHVI,EQ,29,31,29,30.45,30.75,29.55,20359,609733.1,09-MAR-2011,
PROVOGUE,EQ,41.15,42.4,41.15,41.5,41.6,40.9,126547,5278058.15,09-MAR-2011,
PSB,EQ,103.05,104.4,102.8,103.3,103.25,102.9,75664,7840980.85,09-MAR-2011,
PSL,EQ,71.9,73.25,70.55,71.85,71.9,71.35,54881,3957613.85,09-MAR-2011,
PSUBNKBEES,EQ,430,430.75,422.1,428.1,428.5,422.29,159,67845.95,09-MAR-2011,
PTC,EQ,89.2,91.4,88.85,89.2,89.1,89.55,336647,30184210.65,09-MAR-2011,
PTL,BE,28.4,28.75,28.4,28.4,28.4,29.9,543,15596.2,09-MAR-2011,
PUNJABCHEM,EQ,93.95,93.95,91,92.4,92.4,92.8,491,45630.85,09-MAR-2011,
PUNJLLOYD,EQ,62.8,64.05,62.6,63.4,63.3,62.35,4009133,253994844.25,09-MAR-2011,
PURVA,EQ,110,112,103.7,105.15,106.3,105.35,3109,327352.1,09-MAR-2011,
PVP,EQ,9,9.35,8.9,9,9,9,68903,624053.45,09-MAR-2011,
PVR,EQ,108,108.85,107.4,108.05,107.4,107.55,8616,931592.65,09-MAR-2011,
QGOLDHALF,EQ,1014,1015,1008,1012,1012,1014.1,260,263312.65,09-MAR-2011,
QNIFTY,EQ,558.2,564.1,556.05,557.25,557.25,556.05,168,94121.75,09-MAR-2011,
QUINTEGRA,EQ,6,6.1,5.7,5.7,5.7,6,63953,365917.55,09-MAR-2011,
RADAAN,EQ,2.5,2.5,2.25,2.3,2.3,2.35,7349,16963.55,09-MAR-2011,
RADICO,EQ,134.9,134.9,131.35,132.55,131.5,133.95,50352,6685709,09-MAR-2011,
RAINBOWPAP,EQ,52.2,54,52,53.05,53,53,89048,4750264.65,09-MAR-2011,
RAINCOM,EQ,157,159.65,156,156.7,156,158.15,16522,2610156.55,09-MAR-2011,
RAJESHEXPO,EQ,122.7,123.4,120.15,120.55,121,120.85,152522,18475704.35,09-MAR-2011,
RAJOIL,EQ,31.35,32.2,31.35,31.85,31.85,31.6,24870,792274.55,09-MAR-2011,
RAJPALAYAM,EQ,400,400,400,400,400,400,10,4000,09-MAR-2011,
RAJRAYON,EQ,11.4,11.9,11.4,11.5,11.5,11.5,2577,29635.95,09-MAR-2011,
RAJSREESUG,EQ,57.35,59.15,56.6,57.05,57,58.35,2549,145814.8,09-MAR-2011,
RAJTV,EQ,68,73,61,71.15,72.3,67.3,615059,41934106.35,09-MAR-2011,
RAJVIR,EQ,158,158,153.8,157.55,157.9,155.5,310,48936.6,09-MAR-2011,
RALLIS,EQ,1238,1248.55,1231.25,1244.4,1241.05,1228.25,3684,4569784.6,09-MAR-2011,
RAMANEWS,BE,17.85,18.25,17.3,18.25,18.25,17.45,57620,1035106.1,09-MAR-2011,
RAMCOIND,EQ,46.95,47.35,45.15,46.55,47.3,46.1,47464,2180765.55,09-MAR-2011,
RAMCOSYS,EQ,97.1,101,96.05,98.7,98.45,97.95,3891,385913.75,09-MAR-2011,
RAMKY,EQ,280,281,267,269.05,268,273.8,12253,3347422,09-MAR-2011,
RAMSARUP,EQ,19.3,19.8,19.1,19.45,19.5,19.5,37177,723038,09-MAR-2011,
RANASUG,EQ,6,6,5.85,5.9,5.9,5.9,216270,1280451.2,09-MAR-2011,
RANBAXY,EQ,459,460.6,448.1,453.05,452.4,455.75,509213,230512520.6,09-MAR-2011,
RANEENGINE,EQ,240,248,240,248,248,233,25,6129.75,09-MAR-2011,
RANEHOLDIN,EQ,247.55,248,247.5,248,248,251.1,474,117400.35,09-MAR-2011,
RANKLIN,EQ,17.45,17.6,16.1,16.45,16.1,16.95,68225,1143167.55,09-MAR-2011,
RATNAMANI,EQ,126.1,130,126.1,130,130,128.15,37406,4860193.2,09-MAR-2011,
RAYMOND,EQ,271.5,291.3,270.8,288.1,289.35,269.05,916614,258939203.9,09-MAR-2011,
RBL,EQ,120.5,122,116,117.5,117.5,115.95,184,21696,09-MAR-2011,
RBN,EQ,82.9,86.8,76.3,77.75,77.65,79.85,2261843,186689367.15,09-MAR-2011,
RCF,EQ,82.1,83,81.45,81.7,81.7,80.75,1370887,112690390.3,09-MAR-2011,
RCOM,EQ,91,100.2,90.85,99.35,99.2,90.65,24784321,2376592614,09-MAR-2011,
RECLTD,EQ,241.8,243.8,237,241.65,240.9,240.25,1813593,436525153.5,09-MAR-2011,
REDINGTON,EQ,76.55,77.8,75.5,76.1,76.1,77.4,34453,2631203.1,09-MAR-2011,
REFEX,EQ,26.1,27.2,25.55,26.7,27,26.75,5618,149825.15,09-MAR-2011,
REGENCERAM,BE,5.85,5.85,5.65,5.7,5.7,5.8,24,136.75,09-MAR-2011,
REIAGROLTD,EQ,28.9,29.95,28.35,29,28.8,28.55,1559953,45395028.75,09-MAR-2011,
REISIXTEN,EQ,51,52,50.5,50.6,50.85,50.25,123850,6285508.8,09-MAR-2011,
RELBANK,EQ,1075,1080,1070,1070,1070,1069.95,31,33295,09-MAR-2011,
RELCAPITAL,EQ,487.15,506,487.15,503.3,501.8,485.05,2917213,1450082764.95,09-MAR-2011,
RELDUALGPA,MF,10.29,10.29,10.29,10.29,10.29,9.35,2000,20580,09-MAR-2011,
RELGOLD,EQ,1985,1989.95,1975.1,1984,1989,1980.45,1924,3809153.8,09-MAR-2011,
RELIANCE,EQ,988.7,1004.4,968.1,993.85,993,984.95,7422840,7362458029,09-MAR-2011,
RELIGARE,EQ,487.2,498.7,485.05,488.55,485.5,490.5,4379,2146411.2,09-MAR-2011,
RELIGAREGO,EQ,2100,2100,2080,2098.65,2100,2100,73,152912,09-MAR-2011,
RELINFRA,EQ,610.15,624.8,603.1,620.15,618.4,606.6,2177669,1337598278.25,09-MAR-2011,
RELMEDIA,EQ,145.5,150.6,144.55,149.4,148.55,143.7,1166297,172184897.75,09-MAR-2011,
REMSONSIND,EQ,17.3,21.75,17.3,18.1,18.1,19.85,64,1322.7,09-MAR-2011,
RENUKA,EQ,73.2,73.9,72.3,73.4,73.2,72.25,3849450,281404809.95,09-MAR-2011,
REPRO,EQ,92,92.95,88.7,88.8,88.7,91.5,28735,2584958.1,09-MAR-2011,
RESPONIND,EQ,94.3,94.35,92.3,93.5,93,93.7,24071,2249940.15,09-MAR-2011,
RESURGERE,EQ,0.85,0.85,0.8,0.8,0.8,0.8,887189,739695.4,09-MAR-2011,
REVATHI,EQ,412.05,457.95,412.05,423.95,424,419.75,46,19601.85,09-MAR-2011,
RICOAUTO,EQ,18.05,18.35,17.85,17.95,17.9,17.85,89934,1618349.25,09-MAR-2011,
RIIL,EQ,641.85,667,633.25,649.4,649,636.95,762598,498327225.65,09-MAR-2011,
RJL,EQ,75.35,78,75.35,77.7,77.9,76.25,2944,227034.95,09-MAR-2011,
RKDL,EQ,30.75,31,30.5,30.75,30.75,30.8,35413,1088502.95,09-MAR-2011,
RKFORGE,EQ,99.15,104,99.15,104,104,101.3,4,410.15,09-MAR-2011,
RMCL,EQ,8.4,8.5,8.15,8.2,8.3,8.35,65271,544654.7,09-MAR-2011,
RML,EQ,141.9,146.95,140.7,141.3,142,139.85,2969,424071.35,09-MAR-2011,
ROHITFERRO,EQ,48.05,49.1,47.1,48.1,48.1,47.95,242828,11725286.8,09-MAR-2011,
ROHLTD,EQ,62.5,64.15,61.45,62.5,62.5,62.45,8917,557137.55,09-MAR-2011,
ROLTA,EQ,149.9,150,146.05,147.85,147.5,148.8,450519,66481219,09-MAR-2011,
ROMAN,EQ,29.5,31.25,29.35,31.15,31.25,30.05,1085,33130.5,09-MAR-2011,
RPGLIFE,EQ,79.15,81.35,79.1,80,80,79,6838,546076.7,09-MAR-2011,
RPOWER,EQ,123.3,125.6,121.45,124.6,123.9,122.35,3644358,450128513.95,09-MAR-2011,
RPPINFRA,EQ,68,70.9,65.65,69.9,69.3,67.05,41734,2856780.05,09-MAR-2011,
RSSOFTWARE,BE,50.45,50.5,49.8,50,50,50,2098,105008.7,09-MAR-2011,
RSWM,EQ,147.1,151.45,147.1,151,150.95,149.05,6853,1029964.75,09-MAR-2011,
RSYSTEMS,EQ,125,127.45,125,126.75,126,125,1380,174116.25,09-MAR-2011,
RUBYMILLS,EQ,886,889.95,854.2,885.9,886,877.75,477,419345.5,09-MAR-2011,
RUCHINFRA,EQ,23.7,24.9,23.7,24.4,24,24,25489,617075.85,09-MAR-2011,
RUCHIRA,EQ,12.6,13,12.1,12.55,12.55,12.55,21061,264082.45,09-MAR-2011,
RUCHISOYA,EQ,101.2,102.8,101.2,102.2,101.6,101.1,161256,16463458.45,09-MAR-2011,
SABERORGAN,EQ,40.45,41.5,40.15,41.15,40.9,40.05,39053,1598213.35,09-MAR-2011,
SABTN,EQ,70,74.5,70,74.05,74.25,68.5,162389,11790307.65,09-MAR-2011,
SADBHAV,EQ,110.15,116,108,109.85,110.1,113.85,19508,2145207.8,09-MAR-2011,
SAGCEM,EQ,140,144,132,136.45,140,134,4271,580619.05,09-MAR-2011,
SAHPETRO,EQ,22,22.9,22,22.15,22.15,22.4,1036,23223.5,09-MAR-2011,
SAIL,EQ,152.8,155.9,152.6,155.3,154.9,151.45,3580140,552963824.45,09-MAR-2011,
SAKHTISUG,EQ,38.6,39.1,38.25,38.5,38.3,38.45,114003,4403561.3,09-MAR-2011,
SAKSOFT,BE,52.2,52.2,51.05,51.25,51.25,51.95,325,16777.5,09-MAR-2011,
SAKTHIFIN,BE,10.5,10.85,9.9,10.45,10.45,10.3,286,2958.7,09-MAR-2011,
SAKUMA,EQ,14.4,14.85,14,14.5,14.5,14.8,792,11418.6,09-MAR-2011,
SALSTEEL,EQ,7.95,8.05,7.85,7.95,7.95,7.95,30386,241966.5,09-MAR-2011,
SAMBANDAM,EQ,101,104,101,103,103,99.5,242,24551.2,09-MAR-2011,
SAMBHAAV,EQ,2,2.2,2,2,2.05,2.2,14640,29421.5,09-MAR-2011,
SAMTEL,BE,6.95,7.05,6.7,7.05,7.05,6.85,12795,88375.9,09-MAR-2011,
SANDESH,EQ,270.5,277.75,270.2,271.5,271.55,272.6,780,213871.8,09-MAR-2011,
SANGAMIND,EQ,42.7,43.95,42,42.65,43,43.1,6968,299556.6,09-MAR-2011,
SANGHIIND,EQ,20.6,20.95,20.1,20.65,20.4,20.2,3005,61493.8,09-MAR-2011,
SANGHIPOLY,EQ,1.8,1.95,1.7,1.75,1.75,1.8,152510,273374.15,09-MAR-2011,
SANGHVIMOV,EQ,122,123,118.25,119.05,118.4,121.3,12160,1471989.05,09-MAR-2011,
SANWARIA,EQ,187.05,198.3,183,197.75,198.3,188.85,11268,2193188.45,09-MAR-2011,
SARDAEN,EQ,196.75,199.25,194,195.4,195.5,194.7,16608,3264893.4,09-MAR-2011,
SAREGAMA,EQ,56.85,59.2,56.85,57.8,59,57.65,4663,268637.35,09-MAR-2011,
SASKEN,EQ,148.55,153.9,148.55,152.3,151.8,150.15,17919,2728828.2,09-MAR-2011,
SATHAISPAT,EQ,45,45.9,44.7,45.15,45.1,44.6,18438,829208.7,09-MAR-2011,
SATYAMCOMP,EQ,65.3,66.5,64.1,65.3,65.1,64.8,7912451,516623630.8,09-MAR-2011,
SAVERA,EQ,42.25,43,42,42.55,42.5,41.7,1777,75253.3,09-MAR-2011,
SB&TINTL,EQ,13.5,14,13.1,13.25,13.4,13.8,21745,293785.5,09-MAR-2011,
SBBJ,EQ,619,637.95,617.2,627.8,626.2,617,106036,66791133.25,09-MAR-2011,
SBIGETS,EQ,2079.65,2080.25,2071,2077.1,2080.25,2078.25,1580,3279108.85,09-MAR-2011,
SBIN,EQ,2659.7,2665,2617.2,2627.35,2625,2642.25,1553352,4093334407.7,09-MAR-2011,
SBIN,N1,10270,10270,10245,10245,10245,10298.5,11,112824,09-MAR-2011,
SBIN,N2,10495,10535,10495,10514.26,10510,10500,331,3476245,09-MAR-2011,
SBT,EQ,722,764,712.05,736.05,735.55,716.9,167101,124885189.05,09-MAR-2011,
SCI,EQ,106.95,108.45,106.25,107.45,107,106.7,358010,38443763.9,09-MAR-2011,
SEAMECLTD,EQ,101,106,101,102.4,102.15,102.25,7221,738895.8,09-MAR-2011,
SEINVEST,EQ,17.45,18.35,16.9,17.3,16.9,16.95,554768,9714762.6,09-MAR-2011,
SELAN,EQ,321.7,324.95,319,319.6,319.5,321.5,11386,3656418.2,09-MAR-2011,
SELMCL,EQ,18.8,19.6,18.55,19,19.05,18.8,345442,6619353.4,09-MAR-2011,
SENTINEL,EQ,14.5,16.95,14,16,16,15.1,31384,505272.3,09-MAR-2011,
SESAGOA,EQ,277.9,281.95,274.2,280.45,281,277.45,2067547,575877883.9,09-MAR-2011,
SESHAPAPER,EQ,209.1,211,209.1,211,211,210.1,451,94508.1,09-MAR-2011,
SEZALGLASS,EQ,3.75,3.8,3.45,3.5,3.45,3.55,88155,312370.6,09-MAR-2011,
SGFL,EQ,7.15,7.15,6.15,7.05,7.05,6.5,2063,14523.3,09-MAR-2011,
SGJHL,EQ,153,157.4,151.8,154.15,154.9,151.15,189513,29290238.7,09-MAR-2011,
SGL,EQ,5.7,5.7,5.1,5.2,5.2,5.5,246,1284.8,09-MAR-2011,
SHAHALLOYS,BE,13.8,14.35,13.5,14.05,14.05,13.85,4611,64645.7,09-MAR-2011,
SHALPAINTS,EQ,256.4,272,256.4,261,261,256.25,236,62295.4,09-MAR-2011,
SHANTIGEAR,EQ,35.25,36.9,34.5,34.8,34.8,34.75,97960,3426510.5,09-MAR-2011,
SHARRESLTD,EQ,59.1,63.5,59,59.75,59,61,429,25569.35,09-MAR-2011,
SHASUNPHAR,EQ,55.05,58,46.65,53.6,53.95,57.2,175052,9568820.65,09-MAR-2011,
SHILPAMED,EQ,227,243.4,227,240.75,243,224,4490,1071243.5,09-MAR-2011,
SHIV-VANI,EQ,268.25,271,266.3,268.2,269,267.75,12353,3315235.8,09-MAR-2011,
SHIVAMAUTO,EQ,120.05,123.5,120.05,122.4,122.05,121.5,4038,494192,09-MAR-2011,
SHIVTEX,EQ,46.5,47.5,46.5,47.15,47.5,47.3,5103,240532.2,09-MAR-2011,
SHLAKSHMI,EQ,86.2,88,85.5,85.8,85.7,85.75,36405,3127677.4,09-MAR-2011,
SHOPERSTOP,EQ,322.65,327,315,317.5,316.95,320.15,33894,10849959.45,09-MAR-2011,
SHPRE,EQ,7.05,7.35,7,7.2,7.2,7.3,7066,50222.8,09-MAR-2011,
SHREEASHTA,EQ,6,6.1,5.9,5.95,5.9,6,7001030,41797590.35,09-MAR-2011,
SHREECEM,EQ,1715.5,1760,1715.15,1746.75,1760,1741.45,955,1657538.55,09-MAR-2011,
SHREERAMA,EQ,6.15,6.15,6.05,6.1,6.1,6,7564,46342.2,09-MAR-2011,
SHRENUJ,EQ,50.5,50.6,49.5,49.65,49.5,49.85,4106,204777.55,09-MAR-2011,
SHREYANIND,EQ,19.05,19.7,19.05,19.7,19.7,20.25,392,7591.75,09-MAR-2011,
SHREYAS,EQ,33,36.3,33,34.65,34.45,33.8,2767,94663.55,09-MAR-2011,
SHRIRAMCIT,EQ,510,510.05,505.55,510,510,507,748,381444.05,09-MAR-2011,
SHRIRAMEPC,EQ,164,164,158,159.75,161.1,157.55,3466,553933.3,09-MAR-2011,
SHYAMTEL,EQ,44.9,44.9,41.55,42.1,42.35,42.05,4326,182414.55,09-MAR-2011,
SICAGEN,EQ,20.35,20.5,20.05,20.2,20.15,20.1,12124,245017.6,09-MAR-2011,
SICAL,EQ,71.45,72.3,71.3,71.6,71.6,71.45,7811,559921.6,09-MAR-2011,
SIEMENS,EQ,858,860,854.4,857.1,854.9,857.4,184574,158290063.95,09-MAR-2011,
SIL,BE,25.45,25.45,24.5,24.9,25,25.35,8717,217070.6,09-MAR-2011,
SILINV,EQ,94.7,94.7,94.7,94.7,94.7,92.15,100,9470,09-MAR-2011,
SIMBHSUGAR,EQ,43.5,43.6,42.65,43.15,43,43.35,5560,240925.6,09-MAR-2011,
SIMPLEX,EQ,151,153.9,147.9,148.25,148,150.25,301,44896.4,09-MAR-2011,
SIMPLEXINF,EQ,328.8,328.8,318,320.85,320.6,322.3,21502,6912938.55,09-MAR-2011,
SINTEX,EQ,153.4,154.2,148.55,149.65,149.1,152.05,1236751,186851959.05,09-MAR-2011,
SIRPAPER,EQ,49.6,52.3,49.6,51.6,52,50.75,1115,57506.55,09-MAR-2011,
SITASHREE,EQ,6.55,6.7,6.5,6.55,6.55,6.55,3181,20975.6,09-MAR-2011,
SIYSIL,EQ,345.25,353,328.05,343.95,342.95,342.1,1601,545244.95,09-MAR-2011,
SJVN,EQ,20.15,20.4,20.15,20.25,20.3,20.25,265639,5383447.85,09-MAR-2011,
SKFINDIA,EQ,536.85,550,530.05,542.75,549.95,535.45,6451,3490733.4,09-MAR-2011,
SKMEGGPROD,EQ,10.35,10.7,10.3,10.45,10.6,10.25,5698,60117.05,09-MAR-2011,
SKSMICRO,EQ,609.05,619,600,602.85,600.2,607,79951,48654801,09-MAR-2011,
SKUMARSYNF,EQ,55,58.45,54.6,57.25,57,53.75,4689244,269200932.55,09-MAR-2011,
SMARTLINK,EQ,54.5,55.5,54.2,54.55,54.85,55.3,8656,473351.2,09-MAR-2011,
SMLISUZU,EQ,353,353,346.2,348,347.25,351.5,465,161929.8,09-MAR-2011,
SMPL,EQ,10.65,10.9,10.1,10.4,10.5,10.7,545848,5713841.2,09-MAR-2011,
SMSPHARMA,EQ,181,186.5,181,184.65,184,186.1,1505,278332,09-MAR-2011,
SOBHA,EQ,267.9,272,265.05,267.3,265.8,266.45,94725,25379873.35,09-MAR-2011,
SOLARINDS,EQ,610,610,591,596.65,600,595.3,474,285443.4,09-MAR-2011,
SOMANYCERA,EQ,40.4,40.4,38,38.3,38,38.95,1821,70242.55,09-MAR-2011,
SOMATEX,EQ,7.2,8.35,7.2,8.2,8.1,7.6,4634,37077.15,09-MAR-2011,
SONASTEER,EQ,15.9,16.1,15.6,15.95,16.1,15.95,61128,967244.6,09-MAR-2011,
SONATSOFTW,EQ,34.2,34.4,33.65,33.9,34.1,33.85,182293,6195621,09-MAR-2011,
SOTL,EQ,488.05,529,488.05,497.1,494,488.2,753,371669.2,09-MAR-2011,
SOUISPAT,EQ,8.05,8.25,7.95,8.05,7.95,8,107496,867862.45,09-MAR-2011,
SOUTHBANK,EQ,21.6,21.6,21.2,21.25,21.3,21.2,1417789,30189413.65,09-MAR-2011,
SPANCO,EQ,150,153,145,151,153,152,110448,16408839.1,09-MAR-2011,
SPARC,EQ,71.95,72,71.05,71.2,71.05,70.95,18619,1330219.6,09-MAR-2011,
SPECTACLE,BE,18.25,18.25,17.3,17.35,17.85,17.4,278525,4975249.75,09-MAR-2011,
SPENTEX,EQ,16.25,18.45,16.25,17.1,17.3,17,10959,192088.4,09-MAR-2011,
SPIC,EQ,16.3,18.5,16.15,16.8,16.9,16.15,2124138,36773489.9,09-MAR-2011,
SPICEMOBIL,EQ,100,101,99,100.05,99.45,101.2,11013,1099734.05,09-MAR-2011,
SPLIL,EQ,4.95,5.3,4.95,5.25,5.25,5.05,1605,8199.75,09-MAR-2011,
SPMLINFRA,EQ,159.05,164.7,157,160.05,160,159,22582,3712975.35,09-MAR-2011,
SPYL,EQ,32.85,32.85,30.75,32.85,32.85,31.25,172312,5589435.5,09-MAR-2011,
SREINFRA,EQ,43.2,44.15,43.1,43.75,44.15,43.05,485803,21184843.8,09-MAR-2011,
SRF,EQ,314.65,318.8,311.35,315.95,318,313.65,45042,14227081.95,09-MAR-2011,
SRGINFOTEC,EQ,0.5,0.55,0.5,0.55,0.55,0.55,26064,14250.15,09-MAR-2011,
SRHHLINDST,EQ,4,4.2,4,4.15,4.15,4.25,9116,37814.4,09-MAR-2011,
SRHHYPOLTD,EQ,43.1,43.1,43,43,43,43.45,325,13994,09-MAR-2011,
SRICHAMUND,EQ,41.15,43.95,41.15,42.05,42.25,41.15,88,3725.05,09-MAR-2011,
SRTRANSFIN,EQ,787,788.7,776,781.5,778.4,779.9,106083,82924360.45,09-MAR-2011,
SRTRANSFIN,N1,1051.01,1060,1050.5,1052.01,1060,1052.17,32,33664.52,09-MAR-2011,
SRTRANSFIN,N2,1105,1115,1105,1110,1110,1115.98,45,50075,09-MAR-2011,
SRTRANSFIN,N3,1142,1146.05,1142,1146.05,1146.05,1140.05,25,28605.75,09-MAR-2011,
SRTRANSFIN,N4,1099,1100,1094,1094.24,1095.1,1085,253,277808,09-MAR-2011,
SRTRANSFIN,N5,1055.03,1055.14,1055.02,1055.13,1055.13,1055.06,90,94957.9,09-MAR-2011,
SRTRANSFIN,N9,1045.98,1045.98,1040,1040,1040,1045.99,550,572059.8,09-MAR-2011,
SRTRANSFIN,NC,1060,1065,1060,1064.62,1064,1055,206,219029,09-MAR-2011,
SSWL,EQ,262.05,265.95,258.4,262.85,263,260.3,20983,5526055.2,09-MAR-2011,
STAN,DR,116.45,116.45,113,113.75,114,115.8,610659,69513509.6,09-MAR-2011,
STAR,EQ,379.75,379.8,365.05,368.8,368.9,377.1,61772,22994901.85,09-MAR-2011,
STARPAPER,EQ,21.5,21.8,21.15,21.3,21.35,21.15,4240,90234.65,09-MAR-2011,
STCINDIA,EQ,254.9,259,251.15,252.5,252,252.15,125163,31853598.65,09-MAR-2011,
STER,EQ,169,169.9,165.3,166.7,166.3,168.55,2212670,369284075.55,09-MAR-2011,
STERLINBIO,EQ,98.45,98.65,96.75,97.25,97.85,98,553726,53967299.3,09-MAR-2011,
STERTOOLS,EQ,120,121.45,117.5,120.65,120.5,119.2,6528,778295.75,09-MAR-2011,
STINDIA,EQ,23.1,26.85,23,23.65,26.85,25,702,16682.45,09-MAR-2011,
STOREONE,EQ,14,14.2,13.5,14.1,13.8,14.35,34983,485977.45,09-MAR-2011,
STRTECH,EQ,48.95,49.15,48.2,48.6,48.6,48.35,522623,25444237.45,09-MAR-2011,
SUBEX,EQ,56.2,57.2,54.15,54.9,54.8,55.6,448112,24934053,09-MAR-2011,
SUBROS,BE,32,33.4,31.8,32.65,33.05,32.2,7147,234207.7,09-MAR-2011,
SUDARSCHEM,EQ,685,709.95,685,708.3,708,695,378,265853,09-MAR-2011,
SUJANATOW,EQ,34.9,35,33.5,34,33.85,34.45,412399,14177186.1,09-MAR-2011,
SUJANAUNI,EQ,6,6.2,5.85,5.9,5.9,5.95,19973,118925.95,09-MAR-2011,
SUMEETINDS,EQ,29.7,29.7,28.55,28.9,28.55,29.3,369926,10775419.3,09-MAR-2011,
SUMMITSEC,EQ,97,102,96,99.35,98.35,97.75,2265,223091.95,09-MAR-2011,
SUNCLAYTON,EQ,142.55,152.8,142.55,146.95,146.1,147.55,438,64168.2,09-MAR-2011,
SUNDARAM,EQ,43.6,43.6,42.7,42.85,42.9,42.95,86717,3726865.3,09-MAR-2011,
SUNDARMFIN,EQ,500,502,497,498.6,497,500.25,4892,2440780.25,09-MAR-2011,
SUNDRMBRAK,EQ,158.05,161.9,158.05,161.9,161.9,162.95,112,18086.6,09-MAR-2011,
SUNDRMFAST,EQ,46.8,48.8,46.65,48.05,48.7,46.7,49850,2379093.7,09-MAR-2011,
SUNFLAG,EQ,27,27.65,26.8,27.5,27.65,26.6,146730,4003776.75,09-MAR-2011,
SUNILHITEC,EQ,111.95,111.95,109.5,110.6,110.95,109.7,5931,654461.15,09-MAR-2011,
SUNPHARMA,EQ,423.55,429,411.4,415.55,415.05,424,1120492,465378292.6,09-MAR-2011,
SUNTECK,EQ,342,344.8,337,341.95,340,339.45,33678,11476823.45,09-MAR-2011,
SUNTV,EQ,424,440.05,420,426.85,426.95,418.75,195770,84166220.55,09-MAR-2011,
SUPER,EQ,252.05,270,252.05,262.8,262.8,258,131,33574,09-MAR-2011,
SUPERSPIN,EQ,11.1,11.6,11.05,11.4,11.4,11,7575,86118.9,09-MAR-2011,
SUPPETRO,EQ,51.7,54.95,51.7,53.5,53.5,52.95,4909,261249.55,09-MAR-2011,
SUPRAJIT,EQ,19.25,19.95,19.25,19.5,19.35,19.3,5996,116973,09-MAR-2011,
SUPREMEIND,EQ,144.05,146,142.5,143.1,142.5,143.1,13124,1889918.35,09-MAR-2011,
SUPREMEINF,EQ,210.25,219.65,210.25,216.3,216.1,211.15,5890,1268684.95,09-MAR-2011,
SUPREMETEX,BE,11.7,12.25,11.7,12.25,12.25,12.25,5111,62503.2,09-MAR-2011,
SURAJDIAMN,EQ,47.3,49.25,47.3,47.85,48.1,48.35,348548,16689025.2,09-MAR-2011,
SURANACORP,EQ,114,114,114,114,114,113.15,30,3420,09-MAR-2011,
SURANAIND,EQ,280,288,280,285.8,287,276.65,1683,480207.45,09-MAR-2011,
SURANAT&P,EQ,16.7,17,16.4,16.6,16.4,17.3,3692,61661.55,09-MAR-2011,
SURANAVEL,EQ,53,53,51.25,52.1,52.9,52.3,11295,587461.95,09-MAR-2011,
SURYAJYOTI,EQ,38.5,41.8,38.5,40.35,39.8,38.85,176344,7087004.9,09-MAR-2011,
SURYALAXMI,EQ,89.2,92,89.05,89.35,90,90.05,13276,1189334.55,09-MAR-2011,
SURYAPHARM,EQ,22.75,23.2,22.55,22.85,22.75,22.6,40148,918253.15,09-MAR-2011,
SURYAROSNI,EQ,109,109,108.25,108.55,108.5,108.3,7994,866780.4,09-MAR-2011,
SUTLEJTEX,EQ,230,246.45,230,239.75,238.1,239.55,696,165862.25,09-MAR-2011,
SUVEN,EQ,18.3,18.3,17.95,18.25,18.25,17.95,86946,1573544.7,09-MAR-2011,
SUZLON,EQ,48.5,48.7,47.05,47.6,47.35,47.8,17422390,831884234.65,09-MAR-2011,
SWARAJENG,EQ,430,449.45,430,438.9,442.45,430.75,1014,443909.5,09-MAR-2011,
SYNCOM,EQ,36.05,36.4,35,35.45,35.55,35.9,29747,1054013.4,09-MAR-2011,
SYNDIBANK,EQ,114.95,116.15,113.85,114.85,114.8,114.65,567028,65240010.75,09-MAR-2011,
TAINWALCHM,EQ,19,20.65,19,20.05,20.05,21,1755,34808.25,09-MAR-2011,
TAJGVK,EQ,101.15,103.35,100.15,101.25,102.45,101.15,11242,1143207.95,09-MAR-2011,
TAKE,EQ,32.1,33.8,32.1,33.05,33.25,32.85,63360,2108914,09-MAR-2011,
TALBROAUTO,EQ,64.5,66.95,64,64.1,65,66,223,14314.2,09-MAR-2011,
TALWALKARS,EQ,201.3,233.5,201.3,223.9,222,200.65,1196053,268650897.6,09-MAR-2011,
TANFACIND,EQ,24.85,26.25,24.1,25.15,25.1,24.75,2744,69375.9,09-MAR-2011,
TANLA,BE,19,19.05,18,18.55,18.7,18.75,87780,1630510.45,09-MAR-2011,
TANTIACONS,EQ,67.5,69.85,66.5,68.05,68.9,68,3673,248688.3,09-MAR-2011,
TARAPUR,EQ,24.5,25.25,24,24.05,24,24.45,28613,695143.1,09-MAR-2011,
TATACAP,N1,104011,105800,104011,105800,105800,104601,2,209811,09-MAR-2011,
TATACAP,N2,1081,1087.2,1081,1085,1085,1086.98,272,294926.95,09-MAR-2011,
TATACAP,N3,1055,1057.99,1053.21,1054.49,1054.1,1054.06,2355,2483284.01,09-MAR-2011,
TATACAP,N4,1277.2,1280,1276,1278,1278,1280.04,499,637380.35,09-MAR-2011,
TATACHEM,EQ,330,330.7,327.5,328.4,328.15,326.15,391556,128758830.1,09-MAR-2011,
TATACOFFEE,EQ,680.2,799,680.2,759.85,765,671.8,11081566,8312043209.7,09-MAR-2011,
TATACOFFEE,N1,98.9,98.9,98.9,98.9,98.9,98.95,55,5439.5,09-MAR-2011,
TATACOMM,EQ,212.65,216.9,210.1,214.6,214.3,209.9,128064,27331158.35,09-MAR-2011,
TATAELXSI,EQ,248.25,258.55,246,252.25,251.6,243.85,373902,94455872.4,09-MAR-2011,
TATAGLOBAL,EQ,94.75,98.2,94.05,96.35,96.2,93.6,3190205,306990910.3,09-MAR-2011,
TATAINVEST,EQ,503.7,523.95,490.15,499.05,497,503.75,19028,9594618.1,09-MAR-2011,
TATAMETALI,EQ,108,108,105.25,105.85,105.55,106.15,18444,1965505.55,09-MAR-2011,
TATAMOTORS,EQ,1171.3,1176.5,1153,1163.3,1159,1162.15,1704505,1984888523.9,09-MAR-2011,
TATAMTRDVR,EQ,660,679.75,651,675.4,672,653.5,261028,174418000.8,09-MAR-2011,
TATAPOWER,EQ,1234,1244.8,1222.7,1231.75,1227.3,1231.1,134358,165262481.95,09-MAR-2011,
TATASPONGE,EQ,329.95,329.95,327,327.45,327.3,326.1,3667,1202874.05,09-MAR-2011,
TATASTEEL,EQ,618,620.55,607,612.95,612,616,3493731,2141847762.3,09-MAR-2011,
TCI,EQ,98.85,98.85,95.1,96.4,96.25,94.5,14987,1443805.3,09-MAR-2011,
TCIFINANCE,EQ,94.05,94.05,85.5,87.25,86.75,89.55,126435,11570584.45,09-MAR-2011,
TCS,EQ,1122.55,1138,1118.5,1126.7,1119.55,1117.7,1212243,1365969988.55,09-MAR-2011,
TECHM,EQ,745,745,725.35,733.95,732.5,743.05,666398,488880169.75,09-MAR-2011,
TECHNO,EQ,215,228.8,208.45,222.8,222.3,213.55,79196,17183311.4,09-MAR-2011,
TECHNOFAB,EQ,152,154,151.3,152.9,152.3,151.95,53833,8238839.45,09-MAR-2011,
TECPRO,EQ,263.25,265,261,263.05,263,263.5,7151,1886785.8,09-MAR-2011,
TELEDATAIT,EQ,0.9,0.95,0.85,0.85,0.9,0.9,1055667,939311.05,09-MAR-2011,
TEXMACOLTD,EQ,34.2,35.7,34.1,35.45,35.55,34.15,317499,11123169.4,09-MAR-2011,
TEXMOPIPES,EQ,34.15,34.9,33.55,34.2,34.25,33.75,12903,441676.8,09-MAR-2011,
TEXRAIL,BE,66.05,69.7,66,69.3,68.5,66.95,20795,1402968.05,09-MAR-2011,
TFCILTD,EQ,26.9,27.8,26.9,27.1,27.1,27,27910,763181.05,09-MAR-2011,
TFL,BE,17.3,17.3,17.3,17.3,17.3,18.15,203,3511.9,09-MAR-2011,
THANGAMAYL,EQ,166.1,169.8,166.1,168.65,168.85,167.8,6883,1159554.75,09-MAR-2011,
THEMISMED,EQ,209.9,209.9,196.15,206.25,206.25,203.1,4,808.45,09-MAR-2011,
THERMAX,EQ,610.5,614.9,601,607.35,607,609.7,16721,10138814.4,09-MAR-2011,
THINKSOFT,EQ,61.5,62.8,60.75,61.05,60.9,60.9,46737,2871385.5,09-MAR-2011,
THIRUSUGAR,EQ,83.15,87.25,83,86.1,87.25,83.3,2077,176943.55,09-MAR-2011,
THOMASCOOK,EQ,45.9,48.8,45.7,47.15,47.2,45.95,259855,12350271.8,09-MAR-2011,
TI,EQ,62,63.6,61.5,61.95,61.9,61.45,201452,12547434.5,09-MAR-2011,
TIDEWATER,EQ,6270,6340,6151.05,6199.45,6157,6212.7,891,5570122.05,09-MAR-2011,
TIIL,EQ,53.6,55.75,53,53.15,53.65,53.85,1259,67092.05,09-MAR-2011,
TIL,EQ,527,539,520.25,525,520.25,525,3476,1826652.45,09-MAR-2011,
TIMESGTY,EQ,41.9,42.55,40.35,41.15,40.8,40.5,3163,132075.5,09-MAR-2011,
TIMETECHNO,EQ,62.65,63.75,60.15,63.05,63.5,61.45,575996,35946022.4,09-MAR-2011,
TIMKEN,EQ,159.45,164.2,159.45,163.6,163.95,158.7,39320,6382858.8,09-MAR-2011,
TINPLATE,EQ,62.7,63.9,62.2,63.4,63.65,62.3,65343,4124368.9,09-MAR-2011,
TIPSINDLTD,EQ,30,30.5,29.1,29.35,29.35,29.4,81595,2406794.6,09-MAR-2011,
TIRUMALCHM,EQ,101,102.5,100,102.5,102.5,100.2,3734,375222.25,09-MAR-2011,
TITAN,EQ,3499,3519,3460.75,3492.95,3473.95,3459.7,228054,796149146.5,09-MAR-2011,
TITAN,N1,259.5,259.5,259.5,259.5,259.5,260,51,13234.5,09-MAR-2011,
TNPETRO,EQ,15.65,16.25,15.65,15.9,15.9,15.75,16318,261212.85,09-MAR-2011,
TNPL,EQ,125.3,127,124.05,124.9,124.85,125.7,16623,2083332.15,09-MAR-2011,
TNTELE,BE,7,7,6.7,6.7,6.7,6.7,2100,14342,09-MAR-2011,
TODAYS,EQ,9.15,9.4,9.05,9.15,9.25,9.2,5504,50566.35,09-MAR-2011,
TOKYOPLAST,EQ,11.35,11.35,11.35,11.35,11.35,11.35,10,113.5,09-MAR-2011,
TORNTPHARM,EQ,524,527.9,514.15,518.45,514.15,523.95,4969,2585897.7,09-MAR-2011,
TORNTPOWER,EQ,228.05,233.75,228.05,232.15,232.5,230.55,55056,12768104.15,09-MAR-2011,
TRENT,EQ,905,962.7,901.8,910.95,913,897.1,111764,104618491.45,09-MAR-2011,
TRENT,Q1,870,884.95,845,855,855,825,165,142814.55,09-MAR-2011,
TRENT,Q2,824.5,824.5,824.5,824.5,824.5,769.95,10,8245,09-MAR-2011,
TRF,EQ,470,491.7,465,481.2,478,470,100620,47317212.25,09-MAR-2011,
TRICOM,EQ,14.8,14.8,14.25,14.3,14.35,14.6,15128,218630.45,09-MAR-2011,
TRIGYN,EQ,20.7,23.45,20.7,22.1,21.7,21.65,94623,2093995.25,09-MAR-2011,
TRIL,EQ,266,266,252.1,253.7,254,258.6,11618,2967277,09-MAR-2011,
TRIVENI,EQ,100,102,100,101.4,101.5,101.7,209090,21157867.05,09-MAR-2011,
TTKHEALTH,EQ,410.2,420.3,405.35,409.3,410,409.1,37877,15632989.85,09-MAR-2011,
TTKPRESTIG,EQ,1983.7,2005,1950,1966.4,1962.9,1967.5,114222,225718420.85,09-MAR-2011,
TTL,EQ,33.3,33.3,30.5,31.05,31.05,30.95,57927,1816588.1,09-MAR-2011,
TTML,EQ,15.1,15.3,15,15.2,15.2,15.05,819952,12403992.9,09-MAR-2011,
TUBEINVEST,EQ,126.45,127,123.65,125.95,126,124.15,26699,3343717.05,09-MAR-2011,
TULIP,EQ,142.55,143.95,140.05,140.55,140.65,142,296862,42035428.55,09-MAR-2011,
TULSI,EQ,18.8,19,18.5,18.9,18.9,18.55,60914,1143971.8,09-MAR-2011,
TULSYAN,EQ,53.8,53.8,48.2,49.2,49,50,7372,365378.25,09-MAR-2011,
TV-18,EQ,78.85,78.85,76.1,77.5,77.35,76.05,316837,24488812.45,09-MAR-2011,
TVSELECT,EQ,21,22.35,21,21.85,21.5,21.95,3759,81755.45,09-MAR-2011,
TVSMOTOR,EQ,55.7,56.1,54.3,55.75,55.85,54.8,2178563,120447676.7,09-MAR-2011,
TVSSRICHAK,EQ,242,247.5,237.6,244.95,245,236.1,351,85620.9,09-MAR-2011,
TVTODAY,EQ,59.25,61.9,58.55,61,61.25,58.95,72034,4340299.1,09-MAR-2011,
TWILITAKA,EQ,66.9,67.35,64,65,65,65.55,72521,4765227.85,09-MAR-2011,
TWL,EQ,322,331,319.6,323.8,322.5,319.6,158444,51545580.05,09-MAR-2011,
UBENGG,EQ,90.95,90.95,88,89.1,88.45,88.9,3990,355599.25,09-MAR-2011,
UBHOLDINGS,EQ,186.65,188.9,181.15,185.15,184.1,183.1,74970,13797543.35,09-MAR-2011,
UBL,EQ,494,500,473.4,476.5,475.5,488.95,65664,31961028.6,09-MAR-2011,
UCALFUEL,EQ,63.2,64.5,63,63.3,63.15,63.9,10321,656214.65,09-MAR-2011,
UCOBANK,EQ,99,100.6,98.5,100,100,98.7,1649103,164291122.15,09-MAR-2011,
UFLEX,EQ,138.1,142.35,138.1,141.45,142,137.4,457483,64374394.6,09-MAR-2011,
UGARSUGAR,EQ,16.25,16.25,15.65,15.8,15.75,15.9,1830,28843,09-MAR-2011,
ULTRACEMCO,EQ,1034.45,1034.45,1014,1020,1020,1025.05,121672,124342091,09-MAR-2011,
UMESLTD,EQ,27.9,27.9,26.5,26.8,26.5,27.4,9448,256450.9,09-MAR-2011,
UNICHEMLAB,EQ,174,181,174,178.7,179,177,356325,64111852.5,09-MAR-2011,
UNIENTER,EQ,28.5,29,28.1,28.2,28.15,28.05,5046,143742.35,09-MAR-2011,
UNIONBANK,EQ,334.95,336,330.1,331.75,332,331.5,399010,132799997.35,09-MAR-2011,
UNIPHOS,EQ,138,138.4,135.1,135.55,135.8,136.1,1184394,161014708.25,09-MAR-2011,
UNIPLY,EQ,13.15,14.35,13.15,13.55,13.45,13.5,3218,44718.3,09-MAR-2011,
UNITECH,EQ,38,38,36.25,37.55,37.25,36.2,31436178,1164981130,09-MAR-2011,
UNITEDBNK,EQ,102,102.75,99.6,100.55,100.8,101.1,180675,18279576.2,09-MAR-2011,
UNITEDTEA,EQ,141,149.75,135.45,137.7,135.5,134.5,1069,150428.2,09-MAR-2011,
UNITY,EQ,55.65,57.25,55.45,56.75,56.5,55.65,51040,2887638.45,09-MAR-2011,
UNIVCABLES,EQ,65,66.45,64,64.75,65,64.7,11396,739969.5,09-MAR-2011,
UPERGANGES,EQ,52.8,53.8,52.8,53.45,53.8,53.2,10763,573527.3,09-MAR-2011,
USHAMART,EQ,50,50.8,49.4,49.8,49.75,49.5,98354,4917293.85,09-MAR-2011,
USHERAGRO,EQ,92.9,93.45,92.15,92.7,92.15,92.5,179860,16684227.5,09-MAR-2011,
UTISUNDER,EQ,901,930,900.1,902.55,905,934.64,83,75820.15,09-MAR-2011,
UTTAMSTL,EQ,109,110.9,109,109.7,109.25,108.65,44337,4867786.15,09-MAR-2011,
UTTAMSUGAR,EQ,41.5,41.5,39.7,40.25,40.15,40.4,3000,120886.3,09-MAR-2011,
UTVSOF,EQ,540,546,533,541.8,540,539.4,35343,19136970,09-MAR-2011,
VAIBHAVGEM,EQ,37.5,37.6,35.6,35.95,36,36.9,332249,12011612.65,09-MAR-2011,
VAKRANSOFT,EQ,296.1,303,294,296.95,295.1,298.85,33050,9840157.1,09-MAR-2011,
VALECHAENG,EQ,99.55,102.9,98.2,99.4,99.2,98.6,72406,7279128.4,09-MAR-2011,
VALUEIND,EQ,19.55,19.55,19.15,19.25,19.15,19,4003,77377.45,09-MAR-2011,
VARDHACRLC,EQ,9.9,11.85,9.9,11.6,11.35,9.85,1143644,13014769.85,09-MAR-2011,
VARDMNPOLY,EQ,62.1,67,62.1,66.25,66.7,63.95,22717,1493992.55,09-MAR-2011,
VARUN,EQ,204,204.6,197.6,199.95,201,202.45,48514,9764552.3,09-MAR-2011,
VARUNSHIP,EQ,27.5,27.75,27.2,27.5,27.4,27.3,63542,1746299.1,09-MAR-2011,
VASCONEQ,EQ,98.6,98.6,95.35,96.35,97,96.7,2150,208391.55,09-MAR-2011,
VENKEYS,EQ,504,504.95,485,492.45,494,494.75,22149,10964790.75,09-MAR-2011,
VENUSREM,EQ,220,221.9,217,220.15,220.9,218.45,2596,570384.3,09-MAR-2011,
VESUVIUS,EQ,288.3,288.3,277.15,277.15,277.15,279.6,30,8429.5,09-MAR-2011,
VGUARD,EQ,166.55,167.65,163.5,163.95,163.6,165.8,34805,5744321.3,09-MAR-2011,
VHL,EQ,433,440,420,428.8,420,419.95,1261,545587.65,09-MAR-2011,
VICEROY,EQ,34.8,36,34.25,35,35.4,33.75,196875,6915521.75,09-MAR-2011,
VIDEOIND,EQ,189.6,190.45,187.1,188.1,187.4,188.95,123532,23274139.05,09-MAR-2011,
VIJAYABANK,EQ,76.1,77.25,75.7,76.55,76.5,75.9,2043402,156240648.1,09-MAR-2011,
VIJAYTEX,EQ,16,17.45,16,16.75,17.1,16.9,12354,210692.9,09-MAR-2011,
VIJSHAN,EQ,22.05,22.05,21.5,21.85,21.85,21.85,5064,110839.8,09-MAR-2011,
VIKASHMET,EQ,12.6,12.7,12.1,12.2,12.15,12.45,4246,52804.45,09-MAR-2011,
VIMTALABS,EQ,23.9,24.5,23.5,23.7,23.55,23.8,3987,95036.9,09-MAR-2011,
VINATIORGA,EQ,69,70,68.05,69.8,70,68.5,15130,1047100.95,09-MAR-2011,
VINDHYATEL,EQ,264,274.7,259.25,264.95,265,257.25,38532,10328740.2,09-MAR-2011,
VINYLINDIA,EQ,10.8,11.2,10.7,10.85,10.7,10.85,8870,96069.65,09-MAR-2011,
VIPIND,EQ,527.4,566.2,525.6,549.1,548.2,522.3,1853189,1021180534.45,09-MAR-2011,
VIPUL,EQ,14.5,14.75,14.5,14.75,14.75,14.3,52,754.25,09-MAR-2011,
VISAKAIND,EQ,106.95,106.95,105.2,106.3,105.65,104.65,3994,422565.55,09-MAR-2011,
VISASTEEL,EQ,44.9,45.4,44.4,45,45,45,30364,1362459.25,09-MAR-2011,
VISESHINFO,EQ,7.95,8.3,7.95,8.15,8.15,7.9,5916,47704.25,09-MAR-2011,
VISHALRET,EQ,29.5,30.05,28.7,29.8,29.5,29.2,45097,1324684.15,09-MAR-2011,
VISUINTL,EQ,3.1,3.2,3.05,3.05,3.05,3,8477,26472.05,09-MAR-2011,
VIVIMEDLAB,EQ,251.1,258.55,248,256.15,257,249.95,15083,3822093.4,09-MAR-2011,
VLSFINANCE,EQ,16.05,16.7,16,16.05,16,16.05,20050,324046.35,09-MAR-2011,
VOLTAMP,EQ,592.4,606,583.5,588.65,584.5,580.75,83794,49233022.3,09-MAR-2011,
VOLTAS,EQ,158.05,159.75,157.2,157.75,157.5,157.15,337747,53503410.9,09-MAR-2011,
VSTIND,EQ,648.6,648.6,621.5,636.15,638.75,643.05,1967,1247376.95,09-MAR-2011,
VTL,EQ,259,261.65,252.1,258.9,259.65,257.3,2328,602652.45,09-MAR-2011,
WABAG,EQ,1285,1314.95,1266,1269.8,1266,1301.05,717,917381.55,09-MAR-2011,
WABCO-TVS,EQ,944,950,930,934.35,930,943.65,159,149509.75,09-MAR-2011,
WALCHANNAG,EQ,150.5,153.3,147.6,149.15,148.1,150.5,361827,54508707.25,09-MAR-2011,
WANBURY,EQ,29.6,31.4,28.55,28.8,28.75,30.1,58597,1750441.1,09-MAR-2011,
WEBELSOLAR,EQ,75.85,77.85,73.5,75.4,77.85,74.55,6179,462001.7,09-MAR-2011,
WEIZMANIND,EQ,15,15.9,14.55,14.95,15.3,15.4,3147,47292.15,09-MAR-2011,
WELCORP,EQ,184.25,191.9,182.55,189.9,189,182.8,651135,121839899.35,09-MAR-2011,
WELINV,EQ,67.3,72.5,67,72.5,72.5,67.25,164,11313.5,09-MAR-2011,
WELPROJ,EQ,65,66.3,64,65.35,65.05,65.75,12229,798107.5,09-MAR-2011,
WELSPUNIND,EQ,39.6,39.95,38,39.25,39.25,38.7,29773,1172253.4,09-MAR-2011,
WENDT,EQ,1020.05,1035,1020.05,1034.95,1035,1034.5,44,45165.75,09-MAR-2011,
WHIRLPOOL,EQ,231.5,241.4,230.25,237.5,239,231.25,61994,14732726.95,09-MAR-2011,
WILLAMAGOR,EQ,47.75,56.6,46.25,53.3,52.2,47.15,108274,5956898.6,09-MAR-2011,
WINDSOR,EQ,68.4,71,67.2,69.6,69.2,67.5,11531,799086.1,09-MAR-2011,
WINSOMYARN,EQ,2.95,2.95,2.55,2.65,2.65,2.7,26133,68918.15,09-MAR-2011,
WIPRO,EQ,448,453.15,443.55,450.95,449.9,449,711523,319095614.35,09-MAR-2011,
WOCKPHARMA,EQ,349.9,351.75,341.55,342.6,342,346.6,48396,16643394.5,09-MAR-2011,
WSI,EQ,24.15,27,24.05,24.3,24.2,24.5,11838,297078.35,09-MAR-2011,
WSTCSTPAPR,EQ,79.6,82.55,79.6,81.55,81.3,80.95,28857,2348011,09-MAR-2011,
WWIL,EQ,8.2,8.25,8.05,8.1,8.15,8.15,401440,3271600.5,09-MAR-2011,
WYETH,EQ,791.1,809.5,790,805.65,801,800.25,2582,2072526.25,09-MAR-2011,
XLENERGY,EQ,14.1,14.35,14,14.15,14.1,14.1,66498,938340.9,09-MAR-2011,
XPROINDIA,EQ,46.15,46.15,45.55,45.6,45.6,44.8,2942,135034.65,09-MAR-2011,
YESBANK,EQ,275.05,280,274.1,275.45,274.75,274.35,1876493,520845745,09-MAR-2011,
ZANDUREALT,EQ,2002,2025,1992,2002.55,2000,1996.1,1270,2547371.85,09-MAR-2011,
ZEEL,EQ,126.5,127.45,125,126.1,125.95,126.2,2266643,286036471.05,09-MAR-2011,
ZEELEARN,EQ,22.7,23.15,22.15,22.25,22.2,22.65,1247548,28061537.15,09-MAR-2011,
ZEENEWS,EQ,11.3,11.4,11.2,11.3,11.35,11.15,380870,4303134.4,09-MAR-2011,
ZENITHBIR,EQ,9.2,9.2,9,9.05,9.05,9.05,195607,1772853.8,09-MAR-2011,
ZENITHCOMP,EQ,22.4,23.45,22.4,23.25,23.45,23.35,2786,64335.65,09-MAR-2011,
ZENITHINFO,EQ,158.35,166.95,157.6,157.6,157.6,160,51,8064.2,09-MAR-2011,
ZENSARTECH,EQ,156.9,159,154.7,157.6,158.5,155.4,6571,1030461.4,09-MAR-2011,
ZICOM,EQ,39.95,39.95,39.05,39.65,39.65,39.45,25175,995172.6,09-MAR-2011,
ZODIACLOTH,EQ,378.9,379.35,372.05,379.35,379.35,378.95,901,341563.1,09-MAR-2011,
ZODJRDMKJ,EQ,21.3,22.05,21.3,22.05,22.05,22.2,150,3294,09-MAR-2011,
ZUARIAGRO,EQ,600,607.8,595,599.8,596.7,597.55,12625,7574221.8,09-MAR-2011,
ZYDUSWELL,EQ,585,585,579.45,579.75,580,579.25,13758,7993503.15,09-MAR-2011,
ZYLOG,EQ,401.5,402.25,392,395.55,395.85,397.35,101282,40295542.5,09-MAR-2011,
