SYMBOL,SERIES,OPEN,HIGH,LOW,CLOSE,LAST,PREVCLOSE,TOTTRDQTY,TOTTRDVAL,TIMESTAMP,TOTALTRADES,ISIN,
20MICRONS,EQ,47,48.4,46.15,46.8,47,47.45,24451,1166082.25,12-JUL-2011,128,INE144J01019,
3IINFOTECH,EQ,44.6,44.6,43.45,43.95,44.05,44.9,425806,18755568.5,12-JUL-2011,3425,INE748C01020,
3MINDIA,EQ,4136,4175,4130,4151.4,4150,4150.8,323,1341430.8,12-JUL-2011,35,INE470A01017,
A2ZMES,EQ,241.65,248,237,239.25,239.15,243.7,181497,43843534.05,12-JUL-2011,5447,INE619I01012,
AANJANEYA,EQ,366.45,372.8,362.85,365.45,366,366.6,95250,35050187.05,12-JUL-2011,2210,INE928K01013,
AARTIDRUGS,EQ,134,137.8,132.25,134.9,134.9,137.15,2428,326837.15,12-JUL-2011,125,INE767A01016,
AARTIIND,EQ,48.6,48.95,47.2,47.75,47.4,48.8,43122,2069953.1,12-JUL-2011,153,INE769A01020,
AARVEEDEN,EQ,49.2,50.45,47.75,48.2,47.75,49.15,1510,73848.7,12-JUL-2011,33,INE273D01019,
ABAN,EQ,515,524,508,522.5,522.05,517.7,687495,354630467.85,12-JUL-2011,20648,INE421A01028,
ABB,EQ,869.95,883.5,860.05,876.6,878.5,871.2,98568,85923439.3,12-JUL-2011,4270,INE117A01022,
ABBOTINDIA,EQ,1504.95,1504.95,1460,1488.1,1483.05,1500.45,302,448481.85,12-JUL-2011,61,INE358A01014,
ABCIL,EQ,132.9,134.7,125,125.6,125.05,129.65,5153,651689.45,12-JUL-2011,163,INE605B01016,
ABGSHIP,EQ,378,382.55,371.5,376.5,375.3,379.85,370782,140010161.85,12-JUL-2011,6798,INE067H01016,
ABHISHEK,EQ,14.05,14.15,13.75,14.1,14.15,14.05,3104,43558.3,12-JUL-2011,22,INE004I01017,
ABIRLANUVO,EQ,910,915,888.15,911.1,912.2,911,58741,53245617,12-JUL-2011,2612,INE069A01017,
ACC,EQ,958,963.9,938.35,947.6,950.95,962.55,143431,136228646.8,12-JUL-2011,7539,INE012A01025,
ACE,EQ,46.75,48.4,45.1,46.3,46.25,46.65,65299,3037727.95,12-JUL-2011,513,INE731H01025,
ACKRUTI,EQ,194.8,195.8,190,191.1,191.05,195.15,25014,4776542.25,12-JUL-2011,562,INE703H01016,
ACROPETAL,EQ,17.05,17.05,16.55,16.65,16.75,17,149649,2497016.9,12-JUL-2011,679,INE055L01013,
ADANIENT,EQ,715,732.7,700.15,705.6,700.3,715.8,187943,135384202,12-JUL-2011,6030,INE423A01024,
ADANIPOWER,EQ,107.15,109.5,107,109,109.1,107.85,700149,75974468.35,12-JUL-2011,5480,INE814H01011,
ADFFOODS,EQ,68.5,70.8,67.4,68.7,68.1,70.05,13441,921980.15,12-JUL-2011,201,INE982B01019,
ADHUNIK,EQ,77.5,80.9,75.55,80.3,79.75,76.85,211032,16810098.35,12-JUL-2011,1800,INE400H01019,
ADORWELD,EQ,180.9,183.95,176,176.85,176.9,181.65,9846,1761513.85,12-JUL-2011,229,INE045A01017,
ADSL,EQ,48.55,49.15,46,47.15,47.35,48.9,101849,4820572.3,12-JUL-2011,997,INE102I01027,
ADVANIHOTR,EQ,36,36,36,36,36,36,600,21600,12-JUL-2011,5,INE199C01026,
ADVANTA,EQ,260,266.45,256,258.7,257.95,263.85,53536,13979454.05,12-JUL-2011,1837,INE517H01010,
AEGISCHEM,EQ,225.2,232.4,223,224.55,224.1,228.55,13181,2999403.25,12-JUL-2011,525,INE208C01017,
AFL,EQ,40.5,41.85,40.5,40.75,40.75,41.5,878,36210.9,12-JUL-2011,24,INE020G01017,
AFTEK,EQ,13.6,13.95,13.45,13.7,13.6,13.85,110154,1505763.75,12-JUL-2011,577,INE796A01023,
AGCNET,EQ,165,177,165,167.25,167.8,166.3,7795,1327257.5,12-JUL-2011,260,INE676A01019,
AGRE,EQ,46.3,47.75,45.75,47,47.5,46.3,7421,347948.75,12-JUL-2011,91,INE360L01017,
AGRODUTCH,EQ,11,11.95,11,11.85,11.75,11.85,6443,76134.85,12-JUL-2011,63,INE135B01014,
AHLEAST,EQ,324.9,325.5,320,322.75,322.75,320,202,65175.25,12-JUL-2011,10,INE926K01017,
AHLUCONT,EQ,123,127.15,122,126.75,127,125.95,8172,1031710.9,12-JUL-2011,179,INE758C01029,
AHLWEST,EQ,195.9,195.9,185.6,191.85,185.6,192.9,3196,614143.45,12-JUL-2011,98,INE915K01010,
AHMEDFORGE,EQ,115.25,116.85,115.1,115.3,115.2,116.3,8185,945993.75,12-JUL-2011,113,INE425A01011,
AIAENG,EQ,371.9,385,364.25,374,366,370.5,10544,3910980.6,12-JUL-2011,457,INE212H01026,
AICHAMP,BE,21.25,22,21.25,21.25,21.25,21.25,1647,35426.1,12-JUL-2011,46,INE768E01024,
AJANTPHARM,EQ,315,331.5,310,318.05,317.5,313.65,150549,48656211.85,12-JUL-2011,4866,INE031B01015,
AJMERA,EQ,160,162.9,156.5,157.25,157.5,163.1,31875,5069495.65,12-JUL-2011,1077,INE298G01027,
AKSHOPTFBR,EQ,7.35,7.4,6.9,7.1,7.1,7.05,333348,2361404.25,12-JUL-2011,427,INE523B01011,
AKZOINDIA,EQ,920,925.9,900,909.55,900,927.5,2701,2472136.85,12-JUL-2011,143,INE133A01011,
ALBK,EQ,203.5,204.75,200.1,203.5,203.75,205.45,630644,127730247.85,12-JUL-2011,8043,INE428A01015,
ALCHEM,EQ,229.45,230,229,229.7,229.7,229.45,105357,24184137.2,12-JUL-2011,866,INE964B01033,
ALEMBICLTD,EQ,21.6,22.05,20.85,21.1,21,22,98840,2095697.35,12-JUL-2011,724,INE426A01027,
ALFALAVAL,EQ,1511,1556,1510,1524.1,1517,1549.9,1197,1827387.45,12-JUL-2011,61,INE427A01017,
ALICON,BE,74,74,74,74,74,71.1,21,1554,12-JUL-2011,1,INE062D01024,
ALKALI,EQ,55,56.85,53.65,53.9,53.9,55.4,19060,1042998.25,12-JUL-2011,354,INE773I01017,
ALKYLAMINE,EQ,86.9,87.35,82.3,86.35,87.35,82.5,1599,136575.45,12-JUL-2011,20,INE150B01013,
ALLCARGO,EQ,173.2,173.2,167,169.65,169,171.15,2185,368314.85,12-JUL-2011,62,INE418H01029,
ALLSEC,EQ,20.85,20.85,19.5,19.85,20,20.05,2915,57831.9,12-JUL-2011,52,INE835G01018,
ALMONDZ,EQ,25.5,25.75,24.85,24.9,24.85,25.75,566,14345.35,12-JUL-2011,13,INE326B01027,
ALOKTEXT,EQ,24.85,24.85,24.05,24.45,24.35,24.95,2798909,68539356.9,12-JUL-2011,7278,INE270A01011,
ALPA,EQ,9.8,9.85,9.65,9.75,9.75,9.75,3668,35642.45,12-JUL-2011,22,INE385I01010,
ALPHAGEO,EQ,103.65,111.5,103.65,105.1,105.3,103.8,17387,1877689.7,12-JUL-2011,423,INE137C01018,
ALPSINDUS,EQ,3.45,3.45,3.35,3.45,3.45,3.45,10632,36204.45,12-JUL-2011,34,INE093B01015,
AMAR,EQ,96.9,97.8,96.15,96.6,96.75,97.2,81726,7925573.25,12-JUL-2011,248,INE787G01011,
AMARAJABAT,EQ,241.9,241.9,227,228.2,227.5,233.4,23231,5370008.25,12-JUL-2011,846,INE885A01024,
AMARJOTHI,EQ,62.05,63,62.05,63,63,63,600,37515,12-JUL-2011,2,INE484D01012,
AMBIKCO,EQ,191,193,185,185.25,185.05,190.05,1117,209218.15,12-JUL-2011,74,INE540G01014,
AMBUJACEM,EQ,123.45,125.45,120.35,121.95,121.65,124.1,3771409,464073962.55,12-JUL-2011,20335,INE079A01024,
AMDIND,EQ,17.5,17.95,17.45,17.45,17.45,17.55,1155,20351.25,12-JUL-2011,12,INE005I01014,
AMLSTEEL,EQ,15.5,17,15.35,16.55,15.65,17,1214,19731.1,12-JUL-2011,21,INE577F01018,
AMRUTANJAN,EQ,734.4,738,725.7,730.05,730.9,731.5,35199,25763311.85,12-JUL-2011,1374,INE098F01015,
AMTEKAUTO,EQ,170,170,160.5,161.9,161.85,168.05,231782,37851143.25,12-JUL-2011,5084,INE130C01021,
AMTEKINDIA,EQ,91,94.65,90.15,93.95,93.9,92.8,259084,24248076.7,12-JUL-2011,1859,INE068D01021,
ANANTRAJ,EQ,76,86.7,75.5,84.65,83.8,76.4,3272153,269238188.2,12-JUL-2011,33769,INE242C01024,
ANDHRABANK,EQ,132,132.6,130.35,131.45,131.05,132.35,557450,73426659.9,12-JUL-2011,4031,INE434A01013,
ANDHRACEMT,EQ,10.6,10.95,10.2,10.85,10.8,10.7,45878,490531.45,12-JUL-2011,307,INE666E01012,
ANDHRSUGAR,EQ,97.1,98,95.3,96.45,96.35,97.75,5446,526691.35,12-JUL-2011,115,INE715B01013,
ANGIND,EQ,25,25.65,24,24.05,24,24.7,622,15279.45,12-JUL-2011,11,INE017D01010,
ANIKINDS,EQ,38.55,38.55,38,38,38,38.55,200,7655,12-JUL-2011,4,INE087B01017,
ANKURDRUGS,EQ,40.15,41,39.5,39.8,39.5,41.1,19912,797359.25,12-JUL-2011,358,INE238D01012,
ANSALAPI,EQ,43.1,43.5,41.7,42.05,41.7,43.5,126237,5367573,12-JUL-2011,659,INE436A01026,
ANSALHSG,EQ,42.5,42.85,41.2,41.8,41.85,43.1,1653,69205.65,12-JUL-2011,79,INE880B01015,
ANTGRAPHIC,EQ,0.25,0.3,0.25,0.3,0.3,0.3,15955,4418.9,12-JUL-2011,21,INE414B01021,
APARINDS,EQ,232,233.7,232,232.35,232.05,232,2557,594398.15,12-JUL-2011,90,INE372A01015,
APCOTEXIND,EQ,175.55,184,175.55,182.5,182.5,181.5,811,147303.05,12-JUL-2011,26,INE116A01016,
APIL,EQ,530,543.75,524.05,533.55,531.6,530.05,260642,139491882.5,12-JUL-2011,7437,INE878A01011,
APOLLOHOSP,EQ,493.3,495,486,494.75,494,493.4,41470,20469045.1,12-JUL-2011,2378,INE437A01024,
APOLLOTYRE,EQ,78.6,79.4,77.25,77.7,77.35,79.15,1752554,137044353.65,12-JUL-2011,15698,INE438A01022,
APPAPER,EQ,370.25,370.25,368.6,368.95,369,370.4,3781,1394914,12-JUL-2011,58,INE435A01028,
APTECHT,EQ,112.4,117.15,105.2,107.9,107,114.1,6601253,731751189.3,12-JUL-2011,72465,INE266F01018,
AQUA,EQ,15.2,15.65,15,15.1,15.15,15.4,19933,305700.95,12-JUL-2011,160,INE544K01026,
ARCHIDPLY,EQ,13.8,14.25,13.75,14,14,13.8,1321,18411.9,12-JUL-2011,24,INE877I01016,
ARCHIES,EQ,39.4,39.4,38.1,38.25,38.15,39.55,27615,1065530.3,12-JUL-2011,371,INE731A01020,
AREVAT&D,EQ,248,249.5,242.55,243.2,243.3,248.8,41887,10272381.9,12-JUL-2011,1717,INE200A01026,
ARIES,EQ,105.9,105.9,101.55,101.9,101.75,105.5,1825,187280.35,12-JUL-2011,58,INE298I01015,
ARIHANT,EQ,58,58,58,58,58,58,100,5800,12-JUL-2011,3,INE413D01011,
ARL,EQ,2.35,2.4,2.3,2.4,2.35,2.35,129137,301167,12-JUL-2011,55,INE211C01029,
AROGRANITE,EQ,41.25,43.4,41.25,42.5,42.5,42,360,15110.5,12-JUL-2011,8,INE210C01013,
ARROWTEX,EQ,11.85,11.85,10.6,11.5,11.5,11.4,1838,20278.05,12-JUL-2011,33,INE933J01015,
ARSHIYA,EQ,142.35,151.7,142.35,148.6,147.75,149.9,4331,642594.6,12-JUL-2011,115,INE968D01022,
ARSSINFRA,EQ,435,442,425.7,431.65,431.2,440.25,162962,70625173.8,12-JUL-2011,7055,INE267I01010,
ARVIND,EQ,80.8,82.7,80.1,81.3,81.35,80.5,1491743,121621571.95,12-JUL-2011,15786,INE034A01011,
ASAHIINDIA,EQ,81.05,82.45,79.65,80.25,79.65,81.65,6624,533680.1,12-JUL-2011,180,INE439A01020,
ASAL,EQ,71.6,71.6,67.1,67.25,67.15,69.75,1822,125425.25,12-JUL-2011,43,INE900C01027,
ASHAPURMIN,EQ,20.05,20.95,20,20.15,20,20.7,51544,1050488.95,12-JUL-2011,385,INE348A01023,
ASHCONIUL,EQ,2.65,2.75,2.65,2.75,2.75,2.75,3723,9972.3,12-JUL-2011,11,INE714F01033,
ASHIANA,EQ,146,152.75,144,144.5,144.05,152.9,2059,297983.45,12-JUL-2011,24,INE365D01013,
ASHIMASYN,BE,5.9,5.9,5.65,5.7,5.65,5.95,2641,15246.65,12-JUL-2011,8,INE440A01010,
ASHOKA,EQ,274,282,274,281,281,277.35,9286,2605723.15,12-JUL-2011,86,INE442H01011,
ASHOKLEY,EQ,51.4,51.85,50.15,50.95,50.85,51.55,2054595,104713799.05,12-JUL-2011,14734,INE208A01029,
ASIANELEC,EQ,10.45,10.5,10.1,10.25,10.3,10.5,24680,252843.85,12-JUL-2011,142,INE441A01026,
ASIANHOTNR,EQ,220.5,220.5,213.2,215.85,215.25,215.65,3151,685560.95,12-JUL-2011,53,INE363A01022,
ASIANPAINT,EQ,3148.75,3148.75,3082.5,3094.75,3090,3155.6,51469,160290565.95,12-JUL-2011,4348,INE021A01018,
ASIANTILES,EQ,43.1,43.1,43,43,43,43.2,299,12859.3,12-JUL-2011,7,INE022I01019,
ASIL,EQ,2.65,2.9,2.65,2.85,2.9,2.75,1590,4348,12-JUL-2011,7,INE988A01026,
ASSAMCO,EQ,15.55,15.55,15.15,15.3,15.4,15.55,142533,2181301,12-JUL-2011,423,INE442A01024,
ASTEC,EQ,41.15,42.4,40.05,40.6,40.5,41.85,17785,729040.6,12-JUL-2011,144,INE563J01010,
ASTERSILI,EQ,23.75,24.3,23,24.2,24.3,24.15,8651,204921.8,12-JUL-2011,96,INE900K01012,
ASTRAL,EQ,186.5,189.45,184,185.8,185.5,189.35,2727,504212.65,12-JUL-2011,81,INE006I01020,
ASTRAMICRO,EQ,28.05,28.9,28,28.55,28.9,28.7,34020,963088.1,12-JUL-2011,289,INE386C01029,
ASTRAZEN,EQ,1298,1300,1297,1300,1300,1297.95,281,365040,12-JUL-2011,30,INE203A01020,
ATFL,EQ,378.2,380,366.25,371.2,372.5,381.85,1545,575310.15,12-JUL-2011,143,INE209A01019,
ATLANTA,EQ,82.5,85.3,81,81.8,81.3,83.65,501967,41965946.8,12-JUL-2011,5642,INE285H01022,
ATLASCYCLE,EQ,269.45,273.05,264.75,267.05,266.25,270.85,27389,7380678,12-JUL-2011,1118,INE446A01017,
ATNINTER,EQ,1.15,1.25,1.15,1.15,1.15,1.2,2803,3264.75,12-JUL-2011,13,INE803A01027,
ATUL,EQ,185,194,184,188.75,188.5,189.2,33193,6294656.65,12-JUL-2011,673,INE100A01010,
AURIONPRO,EQ,153,153,153,153,153,154.8,1010,154530,12-JUL-2011,2,INE132H01018,
AUROPHARMA,EQ,166.5,169.9,164.05,166.3,166.85,166.85,779788,130323755.6,12-JUL-2011,12410,INE406A01037,
AUSTRAL,EQ,2.7,2.7,2.6,2.7,2.7,2.7,320604,855728.3,12-JUL-2011,275,INE455J01027,
AUTOAXLES,EQ,415,426.9,415,418,418,421,540,227576.6,12-JUL-2011,17,INE449A01011,
AUTOIND,EQ,154.9,154.9,148.4,150.95,151.05,155.3,25883,3914943.5,12-JUL-2011,1274,INE718H01014,
AUTOLITIND,EQ,22.95,22.95,20.8,21,21,22.5,3367,72878.9,12-JUL-2011,62,INE448A01013,
AVANTI,EQ,34,34,33.3,33.3,33.3,33.1,200,6660.7,12-JUL-2011,2,INE871C01012,
AVENTIS,EQ,1992,2059.9,1992,2048.15,2058,2026.4,50227,102961586.65,12-JUL-2011,33,INE058A01010,
AVTNPL,EQ,259.65,264.4,256.05,260.7,260.2,261.2,7381,1924480.45,12-JUL-2011,247,INE488D01013,
AXIS-IT&T,EQ,86,91.9,86,87.95,88,89.95,35543,3175717.05,12-JUL-2011,345,INE555B01013,
AXISBANK,EQ,1254.4,1272.25,1245.2,1266.4,1265.9,1263.95,1443199,1815501761.2,12-JUL-2011,41891,INE238A01026,
AXISGOLD,EQ,2212,2232,2212,2227.75,2227.75,2208.8,199,442390.05,12-JUL-2011,28,INF846K01347,
BAGFILMS,EQ,7.05,7.8,6.95,7.55,7.55,7.05,821020,6208796.35,12-JUL-2011,1517,INE116D01028,
BAJAJ-AUTO,EQ,1440.5,1455,1415,1425.85,1428.85,1452.1,203996,291157324.25,12-JUL-2011,9245,INE917I01010,
BAJAJCORP,EQ,115.1,117.45,113.1,115.35,115,116.6,16045,1845025.3,12-JUL-2011,745,INE933K01021,
BAJAJELEC,EQ,256.8,258.95,252,252.65,252.5,258.2,28908,7348323.4,12-JUL-2011,756,INE193E01025,
BAJAJFINSV,EQ,514.9,519.95,508,516.7,517,514.2,63435,32693428.9,12-JUL-2011,2247,INE918I01018,
BAJAJHIND,EQ,71.8,71.8,68.5,69,68.95,72.3,1192420,82920559.9,12-JUL-2011,7452,INE306A01021,
BAJAJHLDNG,EQ,758,764.8,752.25,760.7,761,756.45,40414,30626444.9,12-JUL-2011,2523,INE118A01012,
BAJFINANCE,EQ,620.2,636,616.05,631.75,631.5,639.4,13583,8524815.9,12-JUL-2011,390,INE296A01016,
BALAJITELE,EQ,32.5,33,32.2,32.45,32.25,32.9,29623,964661,12-JUL-2011,249,INE794B01026,
BALAMINES,EQ,41.05,41.25,40.35,40.45,40.35,41.35,8958,363305.45,12-JUL-2011,76,INE050E01027,
BALKRISIND,EQ,164.95,165,157,160.6,162,164.8,6202,991296.75,12-JUL-2011,245,INE787D01026,
BALLARPUR,EQ,32.15,32.75,32,32.2,32.25,32.75,134269,4329446.65,12-JUL-2011,958,INE294A01037,
BALMLAWRIE,EQ,641.95,642.9,635,641.8,640.75,641.4,8008,5120390.6,12-JUL-2011,285,INE164A01016,
BALPHARMA,EQ,26.45,28.4,26.05,28.2,27.85,27.55,1754,49038.65,12-JUL-2011,45,INE083D01012,
BALRAMCHIN,EQ,61.5,63,60.6,61,60.8,63.45,1122351,69200015.35,12-JUL-2011,5529,INE119A01028,
BANARISUG,EQ,595.95,610,582,586,590,605.95,833,494725.2,12-JUL-2011,58,INE459A01010,
BANCOINDIA,EQ,72.5,72.75,71.3,71.9,71.75,71.95,1027,73671.65,12-JUL-2011,33,INE213C01025,
BANG,EQ,34,34.85,33.15,33.65,33.75,34.15,1662,56087.25,12-JUL-2011,49,INE863I01016,
BANKBARODA,EQ,873.95,874.75,858,871.95,871.1,877.7,179785,156032497.95,12-JUL-2011,4971,INE028A01013,
BANKBEES,EQ,1130,1132.84,1110.25,1124.93,1123.5,1129.22,1292,1452777.3,12-JUL-2011,50,INF732E01078,
BANKINDIA,EQ,404,406.9,400.15,405.2,405.5,408.15,556412,224859355.35,12-JUL-2011,8570,INE084A01016,
BANSWRAS,EQ,126,126.75,124.5,125,125,127,399,49876.75,12-JUL-2011,13,INE629D01012,
BARTRONICS,EQ,62.05,62.7,60.6,60.95,61,62.7,69209,4260354.95,12-JUL-2011,1122,INE855F01034,
BASF,EQ,645,706.4,641.5,670.1,672,648.8,150074,102773293.8,12-JUL-2011,8094,INE373A01013,
BASML,EQ,93,93,81.5,86.4,86.4,84.65,7404,629131.1,12-JUL-2011,24,INE186H01014,
BATAINDIA,EQ,625,631.9,611.5,617.6,620.8,630.25,577085,358460743.1,12-JUL-2011,14849,INE176A01010,
BATLIBOI,EQ,20,25.5,20,23.1,23,22.5,12981,305481.65,12-JUL-2011,156,INE177C01022,
BAYERCROP,EQ,893,897.8,865.05,876.15,880,893.1,9381,8317847.9,12-JUL-2011,3845,INE462A01022,
BBL,EQ,870.95,878.85,855,866.9,867.95,870.95,2987,2589713.25,12-JUL-2011,330,INE464A01028,
BBTC,EQ,454,457,443.3,446.75,447.15,457.25,4906,2205115.2,12-JUL-2011,162,INE050A01017,
BECREL,EQ,10.9,11.25,10.35,11.25,11.25,11.05,254,2828.35,12-JUL-2011,17,INE287A01015,
BEDMUTHA,EQ,131.5,133.7,130.1,130.65,131,132.2,65382,8570028.35,12-JUL-2011,723,INE844K01012,
BEL,EQ,1669.75,1679.95,1669,1670.2,1671.7,1672.75,13187,22040096.85,12-JUL-2011,916,INE263A01016,
BELLCERATL,EQ,14.15,15.3,14,14.65,14.6,14.3,1342,19670.5,12-JUL-2011,16,INE403A01026,
BEML,EQ,603.95,604,585.15,590.15,590,598.35,29928,17692383.6,12-JUL-2011,2248,INE258A01016,
BEPL,EQ,29.5,30.35,29.5,30,30,29.35,4176,125274.95,12-JUL-2011,10,INE922A01025,
BERGEPAINT,EQ,103.6,103.8,100.4,101.45,101.6,103.4,64699,6596427.25,12-JUL-2011,1143,INE463A01020,
BFINVEST,EQ,65.3,69.9,65,67.45,67.7,67.05,57420,3898928.4,12-JUL-2011,712,INE878K01010,
BFUTILITIE,EQ,748.1,779.05,711.75,727.5,729.15,745.85,1542671,1162227573.15,12-JUL-2011,57584,INE243D01012,
BGRENERGY,EQ,458.05,465.95,447.6,453.4,452,464,235124,107231367,12-JUL-2011,9256,INE661I01014,
BHAGWATIHO,EQ,95.7,97.4,95.4,95.95,96.4,97.4,10786,1041408.85,12-JUL-2011,216,INE797H01018,
BHAGYNAGAR,EQ,18.85,18.85,18.35,18.65,18.75,19.05,29150,542895.45,12-JUL-2011,126,INE458B01028,
BHARATFORG,EQ,324,329.3,321.45,323.25,323.8,327.75,188200,61113369.25,12-JUL-2011,5052,INE465A01025,
BHARATGEAR,EQ,58.7,59.4,56.1,57.5,56.65,59.45,8173,471972.4,12-JUL-2011,139,INE561C01019,
BHARATRAS,EQ,113,115.5,112,115,115,118.35,1464,166609.5,12-JUL-2011,31,INE838B01013,
BHARTIARTL,EQ,387.1,394.7,385.25,386.9,387,391.25,2460319,956972925.25,12-JUL-2011,25964,INE397D01024,
BHARTISHIP,EQ,130,130.95,127,128.15,128,131.2,95795,12351044.6,12-JUL-2011,1826,INE673G01013,
BHEL,EQ,1950,1967.95,1921.25,1939.3,1935.1,1961.95,321063,624106932.45,12-JUL-2011,18064,INE257A01018,
BHUSANSTL,EQ,432.05,432.05,421.7,427.25,427,431.95,190083,81147309.05,12-JUL-2011,4010,INE824B01021,
BIL,EQ,56.6,57.1,55.2,56.4,56,57.65,7655,429619.5,12-JUL-2011,147,INE828A01016,
BILENERGY,EQ,29,30.25,28.75,29.6,30,30.4,24258,718025.1,12-JUL-2011,54,INE607L01011,
BILPOWER,EQ,98,98,90.25,91.7,90.4,92.6,1968,182262.1,12-JUL-2011,70,INE952D01018,
BIMETAL,EQ,315,334.95,315,325.55,325.15,329.8,668,221365.2,12-JUL-2011,48,INE469A01019,
BINANIIND,EQ,165.95,167,164.35,164.85,165,165.05,19895,3293610.45,12-JUL-2011,445,INE071A01013,
BINDALAGRO,EQ,89.25,90.75,89.1,90,90,90.15,484255,43608611.85,12-JUL-2011,1680,INE143A01010,
BIOCON,EQ,355.3,357,350,352.9,353.25,358.1,143393,50689552.35,12-JUL-2011,4697,INE376G01013,
BIRLACORPN,EQ,339.6,343.1,336.5,338.6,338.6,339.95,679,230108.8,12-JUL-2011,42,INE340A01012,
BIRLACOT,EQ,0.45,0.45,0.4,0.4,0.45,0.45,1963098,810916.8,12-JUL-2011,178,INE655I01024,
BIRLAERIC,EQ,15.75,15.75,15.05,15.05,15.05,15.7,2868,43993.75,12-JUL-2011,40,INE800A01015,
BIRLAMONEY,EQ,20.5,20.5,19.9,20.15,20.25,20.45,10547,212228.5,12-JUL-2011,63,INE865C01022,
BIRLAPOWER,EQ,0.85,0.85,0.8,0.8,0.8,0.8,2675769,2168847.4,12-JUL-2011,518,INE224B01024,
BLBLIMITED,EQ,5.45,5.55,5.25,5.35,5.4,5.45,14300,76674.95,12-JUL-2011,48,INE791A01024,
BLISSGVS,EQ,21.7,22.55,21.7,22.3,22.3,22.6,48409,1073493.1,12-JUL-2011,230,INE416D01022,
BLKASHYAP,EQ,19.05,19.2,18.9,19,19.1,19.25,97442,1853563.85,12-JUL-2011,250,INE350H01032,
BLUECHIP,EQ,1.1,1.15,1.1,1.15,1.15,1.15,7775,8601.3,12-JUL-2011,15,INE657B01025,
BLUECOAST,EQ,170,170,170,170,170,167.1,160,27200,12-JUL-2011,3,INE472B01011,
BLUEDART,EQ,1502.1,1548.7,1485,1496,1497,1509.35,7252,10937603.65,12-JUL-2011,591,INE233B01017,
BLUESTARCO,EQ,310.1,318.8,299,306.45,302,313,30381,9402560.05,12-JUL-2011,921,INE472A01039,
BLUESTINFO,EQ,92,92,90.65,91,91,92.45,785,71880.8,12-JUL-2011,36,INE504B01011,
BOC,EQ,289.95,300,286,286.6,286,288.95,15124,4453179.3,12-JUL-2011,395,INE473A01011,
BOMDYEING,EQ,372,378.85,362.5,366.3,364,377.1,320110,118844247.25,12-JUL-2011,10040,INE032A01015,
BOSCHLTD,EQ,6985,7267,6984,7058.35,7037.5,7012.85,8949,63612680.35,12-JUL-2011,1589,INE323A01026,
BPCL,EQ,668.45,677.95,662.95,668.15,666.1,667.1,420832,282266225.1,12-JUL-2011,11853,INE029A01011,
BPL,EQ,24.3,26.7,24.3,26.7,26.7,24.25,475061,12541922.3,12-JUL-2011,3180,INE110A01019,
BRANDHOUSE,EQ,20.5,20.8,20.2,20.35,20.35,20.9,22857,468343.25,12-JUL-2011,174,INE317J01011,
BRFL,EQ,286.95,287.85,286.05,286.95,287,287.15,83248,23889202.4,12-JUL-2011,478,INE589G01011,
BRIGADE,EQ,74.5,75.6,72.6,73.1,72.6,75.15,37372,2767660,12-JUL-2011,855,INE791I01019,
BRITANNIA,EQ,477.7,478.5,468.6,471.4,472.7,477.1,22317,10579193.3,12-JUL-2011,1209,INE216A01022,
BRITANNIA,N1,165.23,167.91,165.23,167.91,167.91,167.15,116,19360.61,12-JUL-2011,5,INE216A07045,
BROADCAST,EQ,10.45,10.45,10,10,10,10.45,105,1051.3,12-JUL-2011,6,INE698H01018,
BSELINFRA,EQ,5,5.1,4.85,4.85,4.85,5.05,33445,166689.5,12-JUL-2011,98,INE395A01016,
BSL,EQ,23.1,26.75,23.1,26.65,26.1,25.95,2723,71536.65,12-JUL-2011,27,INE594B01012,
BSLGOLDETF,EQ,2258.8,2275,2211,2269.7,2269.4,2256.35,398,897595.85,12-JUL-2011,25,INF209K01HT2,
BSTRANSCOM,EQ,136.4,141.8,136,137,137.2,138.5,40248,5597508.65,12-JUL-2011,1093,INE043K01011,
BURNPUR,EQ,7.6,7.95,7.6,7.75,7.75,7.75,13815,106905.8,12-JUL-2011,51,INE817H01014,
BVCL,EQ,17.5,17.75,17.45,17.75,17.75,17.6,302,5283,12-JUL-2011,4,INE139I01011,
CADILAHC,EQ,940,960,929,931.35,932,941.35,25549,24013829.05,12-JUL-2011,1934,INE010B01019,
CAIRN,EQ,314.05,316,310,313.3,313.25,316.55,1196881,375203982.6,12-JUL-2011,25350,INE910H01017,
CALSOFT,EQ,32.5,33.1,32.35,32.4,32.4,32.65,1577,51875.95,12-JUL-2011,12,INE526B01014,
CAMBRIDGE,BE,30.2,31.45,29.9,30.1,30.85,31.45,3683,111342.75,12-JUL-2011,39,INE692G01013,
CAMLIN,EQ,72.6,73.4,72.15,72.6,72.65,72.8,143675,10423619.15,12-JUL-2011,1077,INE760A01029,
CANBK,EQ,513,518.9,503.55,509.95,511,513.4,1005279,513384782.65,12-JUL-2011,51025,INE476A01014,
CANDC,EQ,109.3,109.3,103,106.95,107,109.65,18397,1957324.25,12-JUL-2011,549,INE874H01015,
CANFINHOME,EQ,115,118.75,112.1,112.8,112.75,114.75,215560,25030011.9,12-JUL-2011,2992,INE477A01012,
CANTABIL,EQ,33.45,33.9,32.75,32.9,32.8,33.65,9935,331808.95,12-JUL-2011,138,INE068L01016,
CARBORUNIV,EQ,310,316.95,300.95,306.2,309.4,308.85,9334,2866168.95,12-JUL-2011,645,INE120A01026,
CAROLINFO,EQ,177.5,177.5,174.05,175.05,175.05,175,513,90313.15,12-JUL-2011,8,INE198A01014,
CASTROL,EQ,555.65,562,542.1,545.35,543,557.5,121455,66943823.5,12-JUL-2011,8434,INE172A01019,
CCCL,EQ,33.85,33.85,33.05,33.1,33.45,33.95,41133,1366089.2,12-JUL-2011,125,INE429I01024,
CCL,EQ,207.5,207.5,201.7,202.75,203.3,206.35,4519,920975.65,12-JUL-2011,191,INE421D01014,
CEATLTD,EQ,112.45,112.7,108.55,109.25,108.65,111.9,145121,16078875.05,12-JUL-2011,3822,INE482A01020,
CEBBCO,EQ,45,45.9,43.5,44.05,44.7,46,29683,1328957.25,12-JUL-2011,293,INE209L01016,
CELEBRITY,EQ,9.35,9.4,9.35,9.4,9.4,9.35,764,7178.5,12-JUL-2011,15,INE185H01016,
CELESTIAL,EQ,35,35.7,34.25,34.6,34.3,35.55,11154,388400.8,12-JUL-2011,115,INE221I01017,
CENTENKA,EQ,180.1,181,177.4,178.35,178.9,181.05,6619,1184041.8,12-JUL-2011,282,INE485A01015,
CENTEXT,EQ,3.5,3.5,3.35,3.4,3.4,3.35,3122,10494.2,12-JUL-2011,14,INE281A01026,
CENTRALBK,EQ,125.85,126.55,122.8,123.9,124,126.2,486085,60547951.3,12-JUL-2011,6712,INE483A01010,
CENTUM,EQ,88.05,92.45,88.05,90,90,89.65,3708,333645.15,12-JUL-2011,20,INE320B01020,
CENTURYPLY,EQ,66.6,68.85,66.35,67.1,67,66.6,116325,7848189.45,12-JUL-2011,649,INE348B01021,
CENTURYTEX,EQ,360.6,365.25,350.15,354.35,352.05,364.55,398349,142657412.95,12-JUL-2011,6085,INE055A01016,
CERA,EQ,212,213.1,210,210.65,211.25,213.7,522,110387.35,12-JUL-2011,26,INE739E01017,
CESC,EQ,333.7,338.4,325.1,333.75,334.15,334.5,365674,121934841.45,12-JUL-2011,13160,INE486A01013,
CHAMBLFERT,EQ,81,83,79.6,80.8,80.75,81.1,2136846,173905615.9,12-JUL-2011,15168,INE085A01013,
CHEMFALKAL,EQ,46.6,46.6,45.05,45.2,45.15,46.6,2012,91646.45,12-JUL-2011,43,INE479E01028,
CHEMPLAST,EQ,6.95,7.45,6.9,7,7.1,6.9,109056,774148.45,12-JUL-2011,275,INE488A01027,
CHENNPETRO,EQ,227.1,229,225.05,225.75,225.15,227.75,26123,5921860.75,12-JUL-2011,906,INE178A01016,
CHESLINTEX,EQ,13.75,13.75,13,13.4,13.4,13.25,673,8913.7,12-JUL-2011,24,INE217C01018,
CHOLAFIN,EQ,167,168.8,162.1,166.5,167.65,168.75,40739,6765387.55,12-JUL-2011,677,INE121A01016,
CILNOVA,EQ,15.4,15.4,14,15,15,15.4,22125,335945,12-JUL-2011,32,INE672K01017,
CINEMAX,EQ,35.5,39.8,34.75,39.05,39.1,35.85,348980,13484140.4,12-JUL-2011,2210,INE704H01014,
CINEVISTA,EQ,3.45,4.1,3.45,3.75,3.75,3.6,7925,30222.65,12-JUL-2011,31,INE039B01026,
CIPLA,EQ,325.2,327.95,319.75,322.6,322,328.2,1045989,337692605.9,12-JUL-2011,15281,INE059A01026,
CLASSIC,EQ,11.15,11.75,11.15,11.75,11.6,11.55,4716,54402.45,12-JUL-2011,26,INE987C01024,
CLNINDIA,EQ,760,777,753.5,772.3,770.55,770.4,3459,2666239.7,12-JUL-2011,106,INE492A01029,
CLUTCHAUTO,BE,46.8,47.9,45.25,46.1,46.15,47.3,9135,422781.15,12-JUL-2011,102,INE779B01019,
CMAHENDRA,EQ,238,238.75,229,231.4,231.7,236.45,10300,2398145.05,12-JUL-2011,378,INE378J01013,
CMC,EQ,1166.15,1175,1132.2,1144.35,1137,1185.4,30061,34409254.15,12-JUL-2011,2380,INE314A01017,
COALINDIA,EQ,355.5,368.65,353,365.3,364.9,356.75,7031368,2557406331.85,12-JUL-2011,111177,INE522F01014,
COLPAL,EQ,1000,1012.5,997,1003.8,1004.85,1004.3,44291,44469098.85,12-JUL-2011,2525,INE259A01022,
COMPUAGE,EQ,99,100,98.1,98.95,98.95,98.6,758,74982.5,12-JUL-2011,26,INE070C01029,
CONCOR,EQ,1122,1130.75,1091.05,1110.1,1112.8,1131.65,23148,26035988.6,12-JUL-2011,480,INE111A01017,
CONSOFINVT,EQ,70.8,70.8,68,70,70,69.25,337,23231.05,12-JUL-2011,13,INE025A01027,
CORAL-HUB,EQ,6.25,6.5,6.05,6.15,6.15,6.45,4313,26531.6,12-JUL-2011,63,INE108J01030,
CORDSCABLE,EQ,39,41.1,38,38.7,38.8,39.75,12161,484153.5,12-JUL-2011,140,INE792I01017,
COREPROTEC,EQ,302.5,305.9,301,304.25,303,303.9,162962,49313453.4,12-JUL-2011,1615,INE247G01024,
COROENGG,EQ,256,256,256,256,256,255.8,4,1024,12-JUL-2011,1,INE312J01012,
COROMANDEL,EQ,340.95,348,340.5,345.05,348,345.7,258195,88882964.8,12-JUL-2011,12268,INE169A01031,
CORPBANK,EQ,524.95,524.95,505.8,509.05,509,515.6,24181,12341903.75,12-JUL-2011,1579,INE112A01015,
COSMOFILMS,EQ,100,100.75,97.6,98,98,100.8,25449,2510221.5,12-JUL-2011,376,INE757A01017,
COX&KINGS,EQ,202,202.85,192.7,197.5,197,203.2,44621,8844736.5,12-JUL-2011,1871,INE008I01026,
CPIL,EQ,328.5,332.7,326.25,327.05,326.25,329.75,2960,974594.1,12-JUL-2011,140,INE521J01018,
CREATIVEYE,EQ,5.55,5.8,5.4,5.5,5.45,5.55,3635,19960.25,12-JUL-2011,21,INE230B01021,
CRESTANI,EQ,52.85,52.85,50.2,50.55,50.2,51.1,60320,3116118.55,12-JUL-2011,678,INE774A01012,
CREWBOS,EQ,90.85,91,87.65,89,89.35,91.4,45428,4059455.85,12-JUL-2011,745,INE514G01019,
CRISIL,EQ,7350,7350,7195,7252.75,7202,7369.4,928,6746768.35,12-JUL-2011,204,INE007A01017,
CROMPGREAV,EQ,249.05,249.05,239.15,240.7,240.65,245.9,968690,233870371.45,12-JUL-2011,15445,INE067A01029,
CRONIMET,EQ,155,155,124.5,126.4,125.15,129.5,16883,2159689.05,12-JUL-2011,195,INE592I01011,
CTE,EQ,9.35,9.5,8.9,9,9,9.5,27335,247547.45,12-JUL-2011,168,INE627H01017,
CUB,EQ,48.75,49,47.9,48.25,48.2,49.05,450988,21847444.15,12-JUL-2011,2025,INE491A01021,
CUBEXTUB,EQ,12.35,12.5,11.55,12.15,12.15,12.5,1400,17008,12-JUL-2011,16,INE144D01012,
CUMMINSIND,EQ,680.8,686,674.05,679.1,678.15,685.95,48818,33279061.3,12-JUL-2011,2844,INE298A01020,
CURATECH,EQ,209.75,209.95,190,205,209.9,210,487,99272.5,12-JUL-2011,21,INE117B01012,
CYBERMEDIA,EQ,20,20.9,20,20.25,20.25,20,1016,20322.3,12-JUL-2011,4,INE278G01037,
CYBERTECH,EQ,13.75,13.85,13.5,13.75,13.5,13.45,692,9523.7,12-JUL-2011,7,INE214A01019,
DAAWAT,EQ,54,54,51.5,51.8,51.85,53.3,150797,7942912.85,12-JUL-2011,1420,INE818H01012,
DABUR,EQ,110.4,112.5,109.1,110.25,110.15,110.4,793843,88022445.05,12-JUL-2011,7473,INE016A01026,
DALMIABEL,EQ,160.75,160.75,158.5,158.7,160,162.35,350,55701.7,12-JUL-2011,30,INE439L01019,
DALMIASUG,EQ,19.95,19.95,18.2,18.7,18.55,18.5,25120,472332.45,12-JUL-2011,290,INE495A01022,
DATAMATICS,EQ,28.5,28.95,28.5,28.5,28.5,28.75,2090,59568.4,12-JUL-2011,7,INE365B01017,
DBCORP,EQ,229.5,231.85,229.1,230.95,231.7,230.8,3433,789968,12-JUL-2011,138,INE950I01011,
DBREALTY,EQ,78.05,83.7,77.8,80.8,80.55,80.2,1376364,111773861.75,12-JUL-2011,13484,INE879I01012,
DCB,EQ,61.4,62.75,60.15,61.2,60.85,62,4100193,252526593.1,12-JUL-2011,20454,INE503A01015,
DCHL,EQ,66.35,67.15,65.6,66.05,65.65,67.2,729645,48280676.65,12-JUL-2011,2872,INE137G01027,
DCM,EQ,90.5,91.95,87.15,89,87.35,91.8,144665,12971942.7,12-JUL-2011,2215,INE498A01018,
DCMSRMCONS,EQ,46,48.8,44.5,45.25,45.05,45,22331,1004839.1,12-JUL-2011,79,INE499A01024,
DCW,EQ,10.75,11,10.7,10.75,10.8,10.9,45255,487692.8,12-JUL-2011,138,INE500A01029,
DECCANCE,EQ,145,150,144.1,144.2,144.1,146.1,288,41784.75,12-JUL-2011,12,INE583C01013,
DECOLIGHT,EQ,8.45,8.45,7.9,7.9,7.9,8.4,3180,25952.5,12-JUL-2011,19,INE172I01012,
DEEPAKFERT,EQ,163.8,166.7,162.5,162.95,163,165.2,53833,8835827.9,12-JUL-2011,987,INE501A01019,
DEEPAKNTR,EQ,186,186,184.5,185.25,184.5,185,150,27825,12-JUL-2011,3,INE288B01011,
DEEPIND,EQ,73.5,74.5,72.15,73.45,73.35,73.7,18870,1384008.2,12-JUL-2011,343,INE677H01012,
DELTACORP,EQ,105.5,106.65,101.6,103.25,103.3,106,5310126,551854176.9,12-JUL-2011,35496,INE124G01033,
DELTAMAGNT,EQ,49.05,49.05,49.05,49.05,49.05,51.35,300,14715,12-JUL-2011,1,INE393A01011,
DEN,EQ,81.45,84.5,80.6,81.25,81.5,83.2,31108,2539468.6,12-JUL-2011,857,INE947J01015,
DENABANK,EQ,85.05,85.45,83.75,84.6,84.6,85.55,843003,71370099.95,12-JUL-2011,6129,INE077A01010,
DENORA,EQ,85,86.8,83.6,83.6,83.6,85,302,25670.4,12-JUL-2011,8,INE244A01016,
DENSO,EQ,66.8,71.75,66.8,68.2,68,68.75,1424,97562.2,12-JUL-2011,21,INE502A01017,
DEWANHOUS,EQ,220.25,225,217.6,219.95,219.9,223.55,544237,119782813.1,12-JUL-2011,1205,INE202B01012,
DHAMPURSUG,EQ,58.1,58.8,56.7,56.95,57,59,87166,5017261.8,12-JUL-2011,541,INE041A01016,
DHANBANK,EQ,111,112,109.5,110.9,110.85,111.95,210689,23355081.45,12-JUL-2011,2538,INE680A01011,
DHANUKA,EQ,88,89.95,88,89.85,89.9,89.55,38382,3421015,12-JUL-2011,153,INE435G01025,
DHANUS,BE,15,15.7,14.25,14.25,14.25,15,30235,442234,12-JUL-2011,95,INE406H01016,
DHARSUGAR,EQ,33.1,34.1,33.05,33.1,33.1,34,8212,274972,12-JUL-2011,117,INE988C01014,
DHUNINV,EQ,70.5,73.9,70.5,73.9,73.9,73,51,3598.9,12-JUL-2011,2,INE320L01011,
DIAPOWER,EQ,155.25,157.7,154,155.3,157.7,155.25,20033,3106957.5,12-JUL-2011,396,INE989C01012,
DICIND,EQ,263.5,263.5,252.3,257.3,255.5,260.1,949,245584.4,12-JUL-2011,59,INE303A01010,
DIGJAM,EQ,11.95,12.25,11.7,11.85,12,12.1,62965,749444,12-JUL-2011,452,INE471A01023,
DISHMAN,EQ,88.8,91,87.9,89.35,88.9,89.45,104749,9318146.3,12-JUL-2011,1290,INE353G01020,
DISHTV,EQ,89.4,89.8,86.7,87.5,87.1,89.9,2610140,230685881.2,12-JUL-2011,27892,INE836F01026,
DIVISLAB,EQ,810.25,819.9,804,809.45,808.6,814.55,178256,144613922.7,12-JUL-2011,6606,INE361B01024,
DLF,EQ,227,227.35,217.75,220.65,220.5,229.6,5722729,1273447209.95,12-JUL-2011,58449,INE271C01023,
DLINKINDIA,EQ,26.75,27.3,26.05,26.35,26.45,27,7192,190254.85,12-JUL-2011,79,INE250K01012,
DOLPHINOFF,EQ,125,132.45,124.6,126.55,126.55,126.25,62393,8064375.2,12-JUL-2011,1047,INE920A01011,
DONEAR,EQ,24.5,24.5,23.5,23.5,23.5,23.5,695,16682.5,12-JUL-2011,5,INE668D01028,
DPSCLTD,EQ,2000,2039,1766,1922.8,1900,2006.5,266,506049.45,12-JUL-2011,74,INE360C01016,
DPTL,EQ,150,152,150,151.25,151.5,151.95,1305,197332.55,12-JUL-2011,33,INE477B01010,
DQE,EQ,39,39.25,37.4,37.9,38,39.7,30552,1168169.95,12-JUL-2011,239,INE656K01010,
DREDGECORP,EQ,291.2,296.85,287.1,289.95,290,293.95,19067,5542314.45,12-JUL-2011,1042,INE506A01018,
DRREDDY,EQ,1527.8,1551,1525.05,1542.85,1548.15,1539.75,274173,421164822.6,12-JUL-2011,9218,INE089A01023,
DRREDDY,N1,5,5.05,5,5,5,5.04,11111,55555.45,12-JUL-2011,18,INE089A08051,
DSKULKARNI,EQ,63.1,63.9,61.5,62.9,63.15,64.1,11751,738703.2,12-JUL-2011,224,INE891A01014,
DUNCANSIND,EQ,14.25,15.4,14.2,15.25,15.4,14.9,21583,324846.8,12-JUL-2011,132,INE508A01014,
DWARKESH,EQ,67.5,68,66,66.65,66.8,68.3,11767,788023.55,12-JUL-2011,207,INE366A01033,
DYNAMATECH,EQ,1509.95,1550,1497.85,1500,1500,1483.75,770,1158802.6,12-JUL-2011,33,INE221B01012,
DYNASYS,EQ,0.7,0.75,0.7,0.7,0.7,0.75,1830,1316,12-JUL-2011,10,INE417B01032,
EASTSILK,EQ,8.15,8.25,7.9,7.95,8,8.45,49767,403206.15,12-JUL-2011,95,INE962C01027,
EASUNREYRL,EQ,73.25,76,73.25,74.1,73.85,74.2,21110,1572944.95,12-JUL-2011,180,INE268C01029,
ECEIND,EQ,110,112,106.3,110.85,109.3,112.05,80847,8726747.05,12-JUL-2011,265,INE588B01014,
ECLERX,EQ,845,857,832,837.15,842,851.8,5428,4581209.65,12-JUL-2011,503,INE738I01010,
EDELWEISS,EQ,32.6,34.2,32.45,33.55,33.95,32.85,234761,7806703.65,12-JUL-2011,1779,INE532F01054,
EDL,EQ,98.45,100,98,98.1,98,99.05,2609,257522.95,12-JUL-2011,80,INE180G01019,
EDSERV,EQ,129.55,129.6,125.1,127.05,127.5,129.8,70945,9030727.75,12-JUL-2011,1558,INE889J01019,
EDUCOMP,EQ,386.95,389.55,383.1,385.5,384.95,391.2,669871,258677547.05,12-JUL-2011,18915,INE216H01027,
EICHERMOT,EQ,1291.1,1365,1285.05,1297.95,1290,1302.8,8386,11077034.5,12-JUL-2011,1064,INE066A01013,
EIDPARRY,EQ,267,267,261.6,264.05,263.3,266,125278,33065230.35,12-JUL-2011,2231,INE126A01031,
EIHAHOTELS,EQ,139.7,139.7,135,135.25,135,137.75,2449,334837.05,12-JUL-2011,31,INE276C01014,
EIHOTEL,EQ,84.65,86.1,84.65,85.35,85.6,85.55,78474,6684775.5,12-JUL-2011,831,INE230A01023,
EIMCOELECO,EQ,228,228.05,223.6,224.15,223.6,229.1,415,94010.75,12-JUL-2011,31,INE158B01016,
EKC,EQ,88.75,88.95,86,87.15,87.4,88.75,163114,14246670.55,12-JUL-2011,1858,INE184H01027,
ELDERPHARM,EQ,384.7,386.4,382.25,383.4,384.95,388.15,67281,25885167.2,12-JUL-2011,1108,INE975A01015,
ELECON,EQ,75,75.45,72.6,74.55,74,75.85,136770,10117952.55,12-JUL-2011,1939,INE205B01023,
ELECTCAST,EQ,29,29.05,28.65,28.75,28.8,29.25,70367,2029045.05,12-JUL-2011,888,INE086A01029,
ELECTHERM,EQ,175.9,185.4,171.3,182.65,183.45,177.25,6334,1146497.7,12-JUL-2011,250,INE822G01016,
ELFORGE,EQ,10.8,10.95,10.4,10.55,10.55,10.8,1190,12772.55,12-JUL-2011,11,INE158F01017,
ELGIEQUIP,EQ,80,81.5,79.6,80.25,80.05,81,134007,10853416.25,12-JUL-2011,137,INE285A01027,
EMAMIINFRA,EQ,38.5,41.75,38,39.9,39.95,38.7,165594,6612621.35,12-JUL-2011,1210,INE778K01012,
EMAMILTD,EQ,509.6,545.7,497.35,518.45,519,500.55,225716,118601436.15,12-JUL-2011,10562,INE548C01032,
EMCO,EQ,51,51,49.8,50.45,50.5,50.55,33302,1673639.75,12-JUL-2011,335,INE078A01026,
EMKAY,EQ,38,44,37,42.75,42.75,37.95,54324,2130450.05,12-JUL-2011,418,INE296H01011,
EMMBI,EQ,13.45,13.45,12.95,13,13,13.3,4287,56344,12-JUL-2011,39,INE753K01015,
EMPEESUG,EQ,25.3,25.9,25,25.8,25.4,25.7,15422,395657.1,12-JUL-2011,55,INE928B01012,
ENERGYDEV,EQ,34.55,35.45,34.5,35.2,35.45,35,2668,93518.7,12-JUL-2011,35,INE306C01019,
ENGINERSIN,EQ,286,286,278.05,279.35,278.9,287.5,75241,21183521.6,12-JUL-2011,4052,INE510A01028,
ENIL,EQ,257,270.5,256,265.8,266,262.75,164616,43760942.65,12-JUL-2011,4552,INE265F01028,
ENTEGRA,EQ,22.8,23.25,22.3,22.95,22.75,23.05,4532,103638.45,12-JUL-2011,57,INE826A01028,
ERAINFRA,EQ,169.25,169.75,168.85,169.25,169.75,169.25,288528,48857795.75,12-JUL-2011,3038,INE039E01020,
EROSMEDIA,EQ,187.2,195.5,185.6,191.5,191,186.9,385665,73716964.9,12-JUL-2011,8621,INE416L01017,
ESABINDIA,EQ,532,532,515.05,524.95,525,531.5,15338,8048354.55,12-JUL-2011,596,INE284A01012,
ESCORTS,EQ,108.25,108.55,105.1,106.95,106.8,109.3,608552,64998624.5,12-JUL-2011,10999,INE042A01014,
ESL,EQ,8.25,8.4,8.1,8.15,8.15,8.3,288331,2359217.35,12-JUL-2011,528,INE481K01013,
ESSAROIL,EQ,129.1,131.4,126.4,128.05,127.55,127.6,3337285,430191883.6,12-JUL-2011,31123,INE011A01019,
ESSARPORTS,EQ,102.6,102.6,99,100.3,100.5,99.6,63556,6415730.35,12-JUL-2011,7543,INE282A01024,
ESSDEE,EQ,366,378,360,369.6,378,370.05,8558,3128049.75,12-JUL-2011,466,INE825H01017,
ESSELPACK,EQ,44.85,45.6,44.55,44.95,44.85,44.95,48629,2188815.75,12-JUL-2011,659,INE255A01020,
ESTER,EQ,46.8,47.9,46.5,47.05,47.4,48.05,35155,1656478.8,12-JUL-2011,287,INE778B01029,
EUROCERA,EQ,23.6,24,23.55,24,24,24.45,392,9309.9,12-JUL-2011,8,INE649H01011,
EUROMULTI,EQ,11.4,11.4,10.65,10.8,10.9,10.95,3585,39350,12-JUL-2011,27,INE063J01011,
EUROTEXIND,EQ,21,23.55,21,23.25,23.25,23.15,1621,37277.05,12-JUL-2011,42,INE022C01012,
EVEREADY,EQ,40.2,44.55,40.2,43.7,43.7,41.1,395600,16938426.55,12-JUL-2011,2817,INE128A01029,
EVERESTIND,EQ,163,168.8,162.5,163.95,164,164.3,20506,3390530.25,12-JUL-2011,512,INE295A01018,
EVERONN,EQ,531.95,533.7,520.6,523.3,522.7,535.3,98181,51605526.35,12-JUL-2011,4580,INE678H01010,
EVINIX,EQ,1,1,0.9,0.95,0.95,0.95,34075,32179.5,12-JUL-2011,33,INE961H01028,
EXCELCROP,EQ,164.65,169.5,164.1,167.7,168.45,166.55,7887,1324932.5,12-JUL-2011,255,INE223G01017,
EXCELINDUS,EQ,84,84,81.1,81.8,82,84.45,2070,170891.25,12-JUL-2011,67,INE369A01029,
EXCELINFO,EQ,24.7,24.95,24.35,24.5,24.55,24.9,51329,1264203.05,12-JUL-2011,350,INE688J01015,
EXIDEIND,EQ,166.05,167.85,163,164.25,164.2,167.7,481554,79446813.4,12-JUL-2011,7052,INE302A01020,
FACT,EQ,37.9,38.75,37.55,37.65,37.65,38,25235,959387.5,12-JUL-2011,254,INE188A01015,
FAGBEARING,EQ,1150,1197.95,1130.05,1178.25,1195,1190.75,937,1097161.55,12-JUL-2011,104,INE513A01014,
FAME,EQ,48.15,48.15,46.9,47.1,47.1,48.15,1871,88297.4,12-JUL-2011,41,INE886G01011,
FARMAXIND,EQ,3.9,3.9,3.6,3.6,3.6,3.75,36742,134804.75,12-JUL-2011,57,INE890I01035,
FCH,EQ,140,142,138.05,138.7,138.6,140.7,35933,5026270.1,12-JUL-2011,781,INE688I01017,
FCSSOFT,EQ,0.8,0.8,0.75,0.8,0.8,0.8,1083043,857466.45,12-JUL-2011,335,INE512B01022,
FDC,EQ,90.2,94.7,90.1,94,94.1,92.45,66863,6262138.7,12-JUL-2011,1201,INE258B01022,
FEDDERLOYD,EQ,74.05,74.05,70.65,71.35,71.65,74.4,21454,1546701.75,12-JUL-2011,361,INE249C01011,
FEDERALBNK,EQ,454.6,454.6,444.5,449.35,448,454.6,390383,175600607.35,12-JUL-2011,23052,INE171A01011,
FIEMIND,EQ,152,153.85,151,151,151,152.05,735,111147.05,12-JUL-2011,29,INE737H01014,
FINANTECH,EQ,855,861.05,832,838.45,835,864.65,40064,33891575.5,12-JUL-2011,2304,INE111B01023,
FINCABLES,EQ,47,47.85,46.6,47,47.2,47.5,14777,695057.85,12-JUL-2011,238,INE235A01022,
FINPIPE,EQ,77.15,78.25,77,77.35,77.05,77.3,49399,3840183.7,12-JUL-2011,363,INE183A01016,
FIRSTLEASE,EQ,91,95.3,90,90.75,90.8,93.55,89159,8250989.35,12-JUL-2011,1640,INE492B01019,
FIRSTWIN,EQ,19.1,19.2,18.7,18.85,18.7,19,4212,79680.35,12-JUL-2011,40,INE315J01015,
FKONCO,EQ,125.55,131.5,125,127.75,128,127.35,79360,10189160.55,12-JUL-2011,1971,INE575G01010,
FMGOETZE,EQ,268.9,278,265,275.4,277.95,270.8,3841,1036229.7,12-JUL-2011,224,INE529A01010,
FORTIS,EQ,163.85,167.8,161.8,166.6,166.3,164.55,500065,82392870.1,12-JUL-2011,9699,INE061F01013,
FOSECOIND,EQ,541,547,540,544.2,547,540.1,194,105091.55,12-JUL-2011,19,INE519A01011,
FOURSOFT,EQ,13,13.15,12.85,13.05,13,13.1,25160,329497.45,12-JUL-2011,103,INE218G01017,
FSL,EQ,17.8,17.9,17.35,17.8,17.8,18,1261325,22290566.15,12-JUL-2011,4600,INE684F01012,
FTCSF5YDIV,EQ,10.75,10.75,10.75,10.75,10.75,10.7,500,5375,12-JUL-2011,1,INF090I01049,
FTFTF12BDV,MF,9.7,9.7,9.7,9.7,9.7,9.72,1500,14550,12-JUL-2011,2,INF090I01122,
FTFTF13AGR,MF,9.25,9.8,9.25,9.8,9.8,9.01,16326,151866.47,12-JUL-2011,13,INF090I01130,
FUTUREVENT,EQ,8.9,9.1,8.9,9,9.1,9.05,832304,7500411.8,12-JUL-2011,671,INE220J01017,
GABRIEL,EQ,49,49,48.1,48.3,48.3,49.3,9856,477996.75,12-JUL-2011,116,INE524A01029,
GAEL,EQ,28.8,28.85,27.8,27.95,28,28.8,35597,1009992.25,12-JUL-2011,306,INE036B01022,
GAIL,EQ,460.9,467,454.05,457.4,457.35,463.05,585625,269376546.1,12-JUL-2011,11533,INE129A01019,
GAL,EQ,12.2,12.4,10,11.35,11.9,12.4,86080,995166.55,12-JUL-2011,373,INE482J01013,
GALLANTT,EQ,16,16.8,16,16.75,16.75,16.1,11732,194547.7,12-JUL-2011,51,INE297H01019,
GALLISPAT,EQ,89,90.45,88.95,89.6,89.35,89.6,117358,10503363.6,12-JUL-2011,736,INE528K01011,
GAMMNINFRA,EQ,14.65,16.95,14.35,16.25,15.9,14.75,1728542,28189205,12-JUL-2011,6595,INE181G01025,
GAMMONIND,EQ,90.1,98.2,90.1,92.3,92.2,91.55,118862,11245271.3,12-JUL-2011,2864,INE259B01020,
GANDHITUBE,EQ,120,120,117.25,117.25,117.25,120,101,11845,12-JUL-2011,2,INE524B01027,
GANESHHOUC,EQ,137.85,137.85,133.05,135.45,134.55,134.9,4755,642749.6,12-JUL-2011,81,INE460C01014,
GANGOTRI,EQ,6.8,6.8,6.15,6.35,6.4,6.3,6368,40474.75,12-JUL-2011,66,INE670B01028,
GARDENSILK,EQ,92.7,94.05,90.5,92.15,92.1,93.5,5751,529754.6,12-JUL-2011,272,INE526A01016,
GARWALLROP,EQ,63,63,61.35,61.8,61.6,62.65,9052,561010.25,12-JUL-2011,119,INE276A01018,
GATI,EQ,69.5,75.7,67.5,74.45,74.9,69.85,2238709,163129195.15,12-JUL-2011,18522,INE152B01027,
GDL,EQ,123.45,126.5,123.05,123.95,123.9,123.45,128644,16053238.1,12-JUL-2011,890,INE852F01015,
GEECEE,EQ,37.95,38.95,37.15,37.5,37.5,37,3069,115676.35,12-JUL-2011,38,INE916G01016,
GEINDSYS,EQ,168.6,170,165,166.5,167,169.55,9367,1567440.55,12-JUL-2011,210,INE599B01011,
GEMINI,EQ,23.4,24.5,23.4,23.7,23.55,24.45,21546,511570.75,12-JUL-2011,200,INE878C01033,
GENESYS,EQ,263,272,263,269.25,269,270.5,35188,9465141.25,12-JUL-2011,305,INE727B01026,
GENUSPOWER,EQ,18.3,18.5,18,18.35,18.4,18.5,118649,2172110.6,12-JUL-2011,265,INE955D01029,
GEODESIC,EQ,67.05,67.65,66.5,67.1,67.1,68.1,168869,11316204.75,12-JUL-2011,2827,INE371D01029,
GEOJITBNPP,EQ,22.9,22.9,22.3,22.55,22.6,23.1,286801,6457103.65,12-JUL-2011,1287,INE007B01023,
GEOMETRIC,EQ,52.5,52.6,51.1,51.45,51.5,52.7,55038,2840936.85,12-JUL-2011,478,INE797A01021,
GESHIP,EQ,265.15,271,265.15,266.9,267,271.85,74042,19812620.7,12-JUL-2011,2066,INE017A01032,
GHCL,EQ,39,39.35,38.9,39.15,39.1,39.25,19925,778697.95,12-JUL-2011,188,INE539A01019,
GICHSGFIN,EQ,118.25,118.25,116.3,117.1,117,118.7,190437,22357400.15,12-JUL-2011,1979,INE289B01019,
GILLANDERS,EQ,106.85,106.85,102.3,103.1,102.3,105.75,8748,909566.4,12-JUL-2011,108,INE047B01011,
GILLETTE,EQ,2107,2160,2081.1,2135.2,2157,2135.7,2591,5504343.75,12-JUL-2011,225,INE322A01010,
GINNIFILA,EQ,9,9.25,9,9.15,9.15,9.05,13116,119599.25,12-JUL-2011,56,INE424C01010,
GIPCL,EQ,76.05,77.8,75.8,76.15,76.6,76.7,13458,1028062.9,12-JUL-2011,202,INE162A01010,
GISOLUTION,EQ,12.2,12.3,11.4,12.3,11.9,12.2,2870,34989.65,12-JUL-2011,34,INE065J01016,
GITANJALI,EQ,309,315.8,295.05,297.8,296.65,308.65,1940884,595834567.5,12-JUL-2011,25909,INE346H01014,
GKB,EQ,43.8,43.8,40,41.95,41.2,43.05,3041,127748.9,12-JUL-2011,101,INE265D01015,
GKWLIMITED,EQ,495,500,495,497.5,500,493.2,120,59700,12-JUL-2011,7,INE528A01020,
GLAXO,EQ,2301.1,2344,2301.1,2330.35,2326.5,2329.4,3958,9226891.85,12-JUL-2011,398,INE159A01016,
GLENMARK,EQ,305.55,315.5,303.05,313.6,313.9,306.5,398639,123916824.4,12-JUL-2011,10339,INE935A01035,
GLFL,EQ,3.4,3.5,3.4,3.5,3.5,3.45,10146,35032.45,12-JUL-2011,43,INE540A01017,
GLOBALVECT,EQ,22.25,22.5,21.65,21.8,21.8,22.05,2051,45412,12-JUL-2011,30,INE792H01019,
GLOBOFFS,EQ,112.5,113.15,105.5,106.85,105.5,112.1,7528,815672.05,12-JUL-2011,141,INE446C01013,
GLOBUSSPR,EQ,142.55,143.5,140.6,141.2,141,143.8,37072,5265115.55,12-JUL-2011,428,INE615I01010,
GLODYNE,EQ,321.85,325,304,317.55,325,316.7,51530,16149781.4,12-JUL-2011,1726,INE932G01021,
GLORY,BE,3.5,3.55,3.4,3.4,3.4,3.5,39095,135843.9,12-JUL-2011,59,INE408H01012,
GMBREW,EQ,103.7,106.7,103.7,104.05,104.5,106.65,2469,257904.4,12-JUL-2011,81,INE075D01018,
GMDCLTD,EQ,155.2,159.45,154.6,158.05,158.05,156.9,1005776,158829453.85,12-JUL-2011,2883,INE131A01031,
GMRINFRA,EQ,31.6,31.9,31.05,31.5,31.5,31.95,3073178,96750151,12-JUL-2011,11449,INE776C01039,
GNFC,EQ,95.2,98.05,95.2,96.7,96.85,97.5,45344,4401996.2,12-JUL-2011,1835,INE113A01013,
GOACARBON,EQ,88.9,89,86.4,88.85,89,88.7,3627,320941.85,12-JUL-2011,110,INE426D01013,
GODFRYPHLP,EQ,3150,3250,3000,3016.6,3028.95,3148.35,3605,11327898.25,12-JUL-2011,930,INE260B01010,
GODREJCP,EQ,442.05,444.9,430.1,441.05,441.2,441.8,84412,37063771.3,12-JUL-2011,3476,INE102D01028,
GODREJIND,EQ,213,222.3,213,215.85,215.8,220.05,1017870,222030199.45,12-JUL-2011,10980,INE233A01035,
GODREJPROP,EQ,808,845,797.2,811.9,810,813,122322,101150407.7,12-JUL-2011,5631,INE484J01019,
GOENKA,EQ,57.8,57.95,56.75,57.15,56.75,57.85,4931,282636.4,12-JUL-2011,104,INE516K01016,
GOKEX,EQ,95.45,101.1,95.4,97.95,97.5,98.8,809,79008.5,12-JUL-2011,33,INE887G01027,
GOKUL,EQ,90.5,90.95,87.4,89.95,89.05,90.2,86977,7811806.3,12-JUL-2011,431,INE020J01029,
GOLDBEES,EQ,2180,2186.65,2175.05,2178.9,2180,2167.85,51812,113046017.6,12-JUL-2011,3465,INF732E01102,
GOLDENTOBC,EQ,71.85,72.15,71.25,71.3,71.35,71.5,7698,553090.45,12-JUL-2011,52,INE973A01010,
GOLDIAM,EQ,35.95,37.45,35.1,35.95,35.95,35.6,3175,113162.65,12-JUL-2011,32,INE025B01017,
GOLDINFRA,EQ,17.8,18.25,17.8,18.2,18.2,18.1,3076,55600.2,12-JUL-2011,22,INE260D01016,
GOLDSHARE,EQ,2175.8,2187,2172.05,2177.5,2177,2169.9,7393,16123092.35,12-JUL-2011,759,INF789F01059,
GOLDTECH,EQ,7.55,7.55,7.05,7.25,7.4,7.45,9892,71011.5,12-JUL-2011,90,INE805A01014,
GPIL,EQ,164,165.9,160.2,161.1,160.5,164.8,12484,2035302.8,12-JUL-2011,898,INE177H01013,
GPPL,EQ,66,66.7,65.5,65.95,66.25,66.2,30356,2004002.7,12-JUL-2011,195,INE517F01014,
GRABALALK,EQ,26.9,28,24,25.4,25.2,27.8,35560,884111.05,12-JUL-2011,382,INE012D01011,
GRANULES,EQ,81.3,85.45,81.3,83.7,84,82.1,12023,1003105.65,12-JUL-2011,167,INE101D01012,
GRAPHITE,EQ,89.75,89.9,86.8,87.7,87.35,89.9,43181,3817233.85,12-JUL-2011,606,INE371A01025,
GRASIM,EQ,2178.95,2213,2165.55,2179.15,2184,2183.4,37647,82251133.85,12-JUL-2011,3127,INE047A01013,
GRAVITA,EQ,349.35,374.9,337.35,340.9,337.6,351.45,390325,139939424.55,12-JUL-2011,8960,INE024L01019,
GREAVESCOT,EQ,91.95,92.1,88,89.95,90.25,92,29076,2617134.2,12-JUL-2011,688,INE224A01026,
GREENPLY,EQ,193.55,200.95,193.55,198.4,199.9,200.05,2658,525320.55,12-JUL-2011,76,INE461C01020,
GREENPOWER,EQ,17,17,16.1,16.65,16.7,16.55,378169,6305720.95,12-JUL-2011,2152,INE999K01014,
GRINDWELL,EQ,241,253,237,250.25,252.45,245.85,13169,3266764.05,12-JUL-2011,327,INE536A01023,
GRUH,EQ,441,448,440,441.9,442,444.7,9883,4373158.55,12-JUL-2011,402,INE580B01011,
GSFC,EQ,357.4,361,350.25,356.95,357,360.1,47098,16770585.55,12-JUL-2011,1218,INE026A01017,
GSKCONS,EQ,2449.85,2464,2400,2440.9,2439,2451.95,4786,11680876.7,12-JUL-2011,1029,INE264A01014,
GSLNOVA,EQ,3.4,3.5,3.4,3.5,3.5,3.45,3681,12682.95,12-JUL-2011,10,INE787A01022,
GSPL,EQ,98.1,99.85,96.85,97.8,97.6,98.55,1678437,164568372.9,12-JUL-2011,11926,INE246F01010,
GSSAMERICA,EQ,155.95,156,152.5,153.4,153,156.95,15340,2366425.55,12-JUL-2011,549,INE871H01011,
GTL,EQ,89.1,91.75,88.05,88.9,88.6,89.95,3220086,288801381.4,12-JUL-2011,28843,INE043A01012,
GTLINFRA,EQ,15.2,15.6,14.9,15.05,15.05,15.35,3154482,47950982.65,12-JUL-2011,7048,INE221H01019,
GTNIND,EQ,14.5,15.1,14.5,14.85,14.85,15.1,1099,16448.15,12-JUL-2011,11,INE537A01013,
GTNTEX,EQ,13.6,15,13.6,14.9,14.9,14.85,403,5911.35,12-JUL-2011,12,INE302H01017,
GTOFFSHORE,EQ,210,215.4,209.25,211.45,212.9,215.3,27471,5836937.8,12-JUL-2011,1091,INE892H01017,
GUFICBIO,BE,6.6,6.8,6.55,6.65,6.8,6.6,706,4666.3,12-JUL-2011,17,INE742B01025,
GUJALKALI,EQ,149.7,149.7,143.5,144.9,144.3,148.7,18616,2726553.05,12-JUL-2011,756,INE186A01019,
GUJAPOLLO,EQ,136.15,140,135.25,137.75,137.6,138.8,10513,1439126.05,12-JUL-2011,208,INE826C01016,
GUJFLUORO,EQ,406.7,408.75,395.4,397.75,400,406.25,44081,17684319.9,12-JUL-2011,1896,INE538A01037,
GUJNRECOKE,EQ,45.35,46.1,43.8,45.6,45.4,44.4,650992,29320803.9,12-JUL-2011,5083,INE110D01013,
GUJNREDVR,EQ,24.15,25.45,24.15,25.15,25.2,24.9,11180,279164.7,12-JUL-2011,224,IN9110D01011,
GUJRATGAS,EQ,411.55,411.55,402,404.35,404,404.25,37325,15170033.95,12-JUL-2011,2337,INE374A01029,
GUJSIDHCEM,EQ,9.3,9.55,8.95,9.15,9.25,9.45,150701,1383075.65,12-JUL-2011,574,INE542A01013,
GULFOILCOR,EQ,90.25,90.6,88.55,89.15,89.25,90.65,51308,4591453.7,12-JUL-2011,828,INE077F01027,
GVKPIL,EQ,19.1,19.4,18.7,19,19.05,19.55,4578511,86997039.35,12-JUL-2011,15496,INE251H01024,
HALONIX,EQ,75,77.3,73.9,75.3,75,77,2275,169865.1,12-JUL-2011,36,INE455B01016,
HANUNG,EQ,148.95,150.95,145.05,146.65,146.5,151.5,178044,26304870.1,12-JUL-2011,4716,INE648H01013,
HARITASEAT,EQ,71.8,71.8,71.8,71.8,71.8,75.55,20,1436,12-JUL-2011,1,INE939D01015,
HARRMALAYA,EQ,74.6,75.5,73.25,73.9,73.55,75.35,13033,969048.7,12-JUL-2011,423,INE544A01019,
HATHWAY,EQ,113.3,114.75,112.05,112.5,112.8,114.25,18696,2114409.9,12-JUL-2011,477,INE982F01028,
HAVELLS,EQ,385,386.45,379.1,380.8,381.6,387.45,292877,112098083.05,12-JUL-2011,6973,INE176B01026,
HBLPOWER,EQ,17.4,17.9,17.25,17.45,17.5,17.7,27352,478342.5,12-JUL-2011,155,INE292B01021,
HBSTOCK,EQ,12.85,12.9,12.8,12.85,12.8,13.45,1084,13921.55,12-JUL-2011,9,INE550B01014,
HCC,EQ,33,34.6,32.5,33.6,33.6,33.05,8711352,293353342.65,12-JUL-2011,27839,INE549A01026,
HCIL,EQ,46,49.4,45.3,46.5,49,46.5,800032,37073241.7,12-JUL-2011,1235,INE019C01026,
HCL-INSYS,EQ,97.8,97.8,88.15,89.6,89.9,89.95,109534,9855811.4,12-JUL-2011,2204,INE236A01020,
HCLTECH,EQ,489,494.4,482.95,491.55,490.05,493.2,1097465,535258112.35,12-JUL-2011,17763,INE860A01027,
HDFC,EQ,701.9,709,685.25,689.75,686,709.1,1294273,904326489.5,12-JUL-2011,33501,INE001A01036,
HDFC,W1,129.5,130.3,121.5,123.25,121.5,129.5,196100,24539510,12-JUL-2011,106,INE001A13023,
HDFCBANK,EQ,2510,2510,2460.2,2479.75,2473.3,2524.35,736090,1826632994.9,12-JUL-2011,31673,INE040A01018,
HDFCMFGETF,EQ,2220,2226,2212.8,2218.05,2220,2206,2442,5422738.6,12-JUL-2011,230,INF179K01CN1,
HDIL,EQ,168.5,168.8,158.5,159.75,159,168.95,5653267,917201507.1,12-JUL-2011,47002,INE191I01012,
HEG,EQ,235,239,234,235,235,235.4,30560,7197649.85,12-JUL-2011,175,INE545A01016,
HEIDELBERG,EQ,39,39,37.6,38.5,38.6,38.25,47551,1816791.35,12-JUL-2011,505,INE578A01017,
HELIOSMATH,EQ,36,37,31.5,31.65,31.65,32.45,6180,199203.2,12-JUL-2011,88,INE674B01012,
HERCULES,EQ,255.65,273.7,255.65,265.75,265.05,272.15,30262,8143777.8,12-JUL-2011,1197,INE688E01024,
HERITGFOOD,EQ,177.05,193,176,185.55,187.8,185.9,4981,915693.95,12-JUL-2011,58,INE978A01019,
HEROHONDA,EQ,1877,1893,1847.95,1860.5,1858,1894,146487,273489190.55,12-JUL-2011,7693,INE158A01026,
HEXAWARE,EQ,73.2,73.8,71.7,72.6,72.35,73.8,960802,70054710.25,12-JUL-2011,9021,INE093A01033,
HFCL,EQ,16.1,16.35,15.6,15.8,15.75,16.2,1407989,22440208.5,12-JUL-2011,4814,INE548A01028,
HGSL,EQ,420,425,413,415.8,413.5,422.7,3503,1467586.05,12-JUL-2011,204,INE170I01016,
HIKAL,EQ,296.95,302,287.1,298.7,299.5,295.7,871,260286.55,12-JUL-2011,92,INE475B01014,
HILTON,EQ,16.85,17.15,16.8,17,17,16.8,2232,37996.45,12-JUL-2011,12,INE788H01017,
HIMATSEIDE,EQ,33,33.7,32.55,33.55,33.7,33.55,94766,3178263.45,12-JUL-2011,79,INE049A01027,
HINDALCO,EQ,176.5,181.5,175,175.8,175.25,180.05,10294219,1826324604.45,12-JUL-2011,80197,INE038A01020,
HINDCOMPOS,EQ,503.1,503.15,475,480,480,475.15,127,61826.1,12-JUL-2011,12,INE310C01011,
HINDCOPPER,EQ,260,261.6,257.2,258.95,259.9,261.3,21160,5490945.25,12-JUL-2011,841,INE531E01026,
HINDDORROL,EQ,53.95,55,53.8,54.35,54.75,54.55,41002,2229452.35,12-JUL-2011,500,INE551A01022,
HINDMOTORS,EQ,17.5,17.5,16.65,16.8,16.8,17.6,186826,3176144.25,12-JUL-2011,1864,INE253A01025,
HINDNATGLS,EQ,210,214.4,207.85,212.5,212.5,209.95,7443,1568761.05,12-JUL-2011,95,INE952A01022,
HINDOILEXP,EQ,176,176.5,172.15,173.2,173.5,178.05,584396,101630367.55,12-JUL-2011,7840,INE345A01011,
HINDPETRO,EQ,396.8,403,396,399.9,399.35,397.15,1235594,494171042.35,12-JUL-2011,15458,INE094A01015,
HINDSYNTEX,BE,3.7,4.05,3.7,4.05,4.05,3.85,1200,4510,12-JUL-2011,3,INE155B01012,
HINDUJAFO,EQ,88,89.6,86.2,88.8,89.6,86.85,5585,487831.9,12-JUL-2011,113,INE291F01016,
HINDUJAVEN,EQ,285.2,298.95,285.2,290.65,289.15,292.95,17657,5212110.5,12-JUL-2011,421,INE353A01023,
HINDUNILVR,EQ,331.55,335.3,329,332.95,332.45,332,1126865,374776866.45,12-JUL-2011,12972,INE030A01027,
HINDZINC,EQ,131.85,131.85,129,130.1,130.1,131.1,604213,78838377.5,12-JUL-2011,9283,INE267A01025,
HIRECT,EQ,49,50.7,48.2,49.35,48.65,50.6,3646,181385.4,12-JUL-2011,66,INE835D01023,
HITACHIHOM,EQ,196.9,198,189.7,190.85,190.85,195.15,35591,6882414.75,12-JUL-2011,992,INE782A01015,
HITECHGEAR,EQ,114,117.45,112.75,116.6,116.7,115.25,2193,252335,12-JUL-2011,41,INE127B01011,
HITECHPLAS,EQ,91,91,91,91,91,94.8,28,2548,12-JUL-2011,1,INE120D01012,
HMT,EQ,59.3,60.4,58.65,58.95,58.85,59.6,68192,4044265.45,12-JUL-2011,755,INE262A01018,
HMVL,EQ,137,137,132.7,133.7,132.7,136.15,4270,575162.05,12-JUL-2011,115,INE871K01015,
HNGSNGBEES,EQ,1290.7,1290.7,1282,1282,1282,1296.35,18,23170,12-JUL-2011,7,INF732E01227,
HOCL,EQ,32.9,32.9,31.2,31.4,31.35,32.25,59391,1883943.5,12-JUL-2011,401,INE048A01011,
HONAUT,EQ,2750,2932.45,2710.3,2845.9,2862.15,2779.7,5543,15508669.1,12-JUL-2011,669,INE671A01010,
HONDAPOWER,EQ,396.05,402,396.05,400,400,398.85,31206,12482123.7,12-JUL-2011,100,INE634A01018,
HOPFL,BE,64,66,64,65.85,65.85,67,942,61879.75,12-JUL-2011,8,INE940H01014,
HORIZONINF,BE,294.7,294.7,280,286.6,292,294.7,4071,1191854.7,12-JUL-2011,27,INE429F01012,
HOTELEELA,EQ,42.3,42.9,41.8,42.05,41.9,42.7,411718,17466662.75,12-JUL-2011,1059,INE102A01024,
HOTELRUGBY,EQ,9.2,9.2,8.95,8.95,8.95,9.2,356,3223.7,12-JUL-2011,4,INE275F01019,
HOVS,EQ,86.4,88.4,86.05,86.35,86.8,87.35,6844,593489.7,12-JUL-2011,172,INE596H01014,
HSIL,EQ,182,185.45,178.5,179.25,180.5,183.25,53931,9741791.05,12-JUL-2011,774,INE415A01038,
HTMEDIA,EQ,158.1,158.1,155,155.25,155,159.45,8303,1296077,12-JUL-2011,307,INE501G01024,
HYDRBADIND,EQ,392,402,390,394.4,395.9,398.9,5152,2035453.75,12-JUL-2011,387,INE557A01011,
HYDROS&S,EQ,20.65,20.65,20.6,20.65,20.6,21.3,236,4872.6,12-JUL-2011,4,INE473D01015,
IBN18,EQ,74.15,76.1,66,73.6,73.65,76.75,209569,15483210.9,12-JUL-2011,1414,INE886H01027,
IBPOW,EQ,17.5,17.5,16.15,17.1,17.2,17.4,131058,2249821.7,12-JUL-2011,1093,INE399K01017,
IBREALEST,EQ,115,115,111.5,113.1,112.5,115.6,2208562,249325890.2,12-JUL-2011,13680,INE069I01010,
IBSEC,EQ,13.3,13.35,13.1,13.15,13.15,13.35,289719,3823927.5,12-JUL-2011,760,INE274G01010,
ICICIBANK,EQ,1042,1065.45,1037.1,1046.65,1041.4,1054,2580225,2708132379.65,12-JUL-2011,72393,INE090A01013,
ICIL,EQ,13.5,13.5,10.35,12.75,12.75,12.65,526,6166.8,12-JUL-2011,15,INE483B01018,
ICRA,EQ,1155,1172,1136,1155.85,1160,1151.9,1333,1542589.3,12-JUL-2011,181,INE725G01011,
ICSA,EQ,106.9,106.9,100.1,100.6,100.2,100.85,120727,12296698,12-JUL-2011,2254,INE306B01029,
IDBI,EQ,133.05,134.45,131.3,133.7,133.75,134.05,1425277,189706899.15,12-JUL-2011,11004,INE008A01015,
IDEA,EQ,79.05,79.45,77.85,78.6,78.5,80,3110341,244085627.05,12-JUL-2011,16543,INE669E01016,
IDFC,EQ,131,132.15,129.45,130.55,130.5,132,4214497,550722219,12-JUL-2011,35040,INE043D01016,
IFBAGRO,EQ,76.8,77,73.5,74.05,73.6,77.8,5868,439354.8,12-JUL-2011,112,INE076C01018,
IFBIND,EQ,128.1,129.45,125.25,126.7,127.2,128.45,13016,1655224.8,12-JUL-2011,350,INE559A01017,
IFCI,EQ,46.8,46.9,45.15,45.8,45.75,47.1,6222983,286829758.5,12-JUL-2011,19820,INE039A01010,
IFGLREFRAC,EQ,31.55,33,31,31.85,31.85,32.15,3300,105197.95,12-JUL-2011,37,INE023B01012,
IGARASHI,EQ,47.45,47.9,46.65,47.85,47.2,46.2,1433,67790.85,12-JUL-2011,32,INE188B01013,
IGL,EQ,386.5,389.9,381,382.6,382.45,392.45,618230,237042820.35,12-JUL-2011,10654,INE203G01019,
IGPL,EQ,24.7,25.9,24,25.45,25.5,24.85,1324,33043.9,12-JUL-2011,50,INE204A01010,
IITL,BE,217,217,208.05,208.05,208.05,218.95,40,8590.5,12-JUL-2011,4,INE886A01014,
IL&FSENGG,EQ,140,144.7,139.1,139.95,140.35,143.05,5824,822254.05,12-JUL-2011,207,INE369I01014,
IL&FSTRANS,EQ,215,217.95,210.1,215.25,216,213.6,32527,6990447.75,12-JUL-2011,1067,INE975G01012,
IMFA,BE,461,473,460,460.1,465,471,768,353752,12-JUL-2011,16,INE919H01018,
IMPAL,EQ,672.5,672.9,660,661.7,664,670.85,149,98824.25,12-JUL-2011,21,INE547E01014,
IMPEXFERRO,EQ,9.65,9.95,9.35,9.9,9.9,9.4,562,5373,12-JUL-2011,12,INE691G01015,
INDBANK,EQ,10.65,10.65,10.3,10.4,10.5,10.45,18380,191870.6,12-JUL-2011,115,INE841B01017,
INDHOTEL,EQ,79.5,79.8,78.1,78.5,78.35,80,562451,44371603.1,12-JUL-2011,3080,INE053A01029,
INDIABULLS,EQ,165.5,166.65,163.2,164.75,166.2,167.35,202650,33401775.15,12-JUL-2011,3589,INE894F01025,
INDIACEM,EQ,72.7,72.7,71.1,72.3,71.5,72.7,676134,48515257.85,12-JUL-2011,12248,INE383A01012,
INDIAGLYCO,EQ,134,138,133.75,134.55,135.1,135.65,43334,5901541.3,12-JUL-2011,828,INE560A01015,
INDIAINFO,EQ,82.55,85.3,82.55,84.75,85.15,85.1,416324,35008331.55,12-JUL-2011,3739,INE530B01024,
INDIANB,EQ,219.8,219.8,207.2,208.15,208.15,213.55,658918,137889080.8,12-JUL-2011,7004,INE562A01011,
INDIANCARD,EQ,109,111.9,109,111.9,111.9,107,406,44271.4,12-JUL-2011,19,INE061A01014,
INDIANHUME,EQ,133.45,134,130,132.9,130.2,132.35,487,64623.9,12-JUL-2011,22,INE323C01030,
INDLMETER,EQ,92,103.85,90.05,99.2,100.05,94.55,23138,2286729.9,12-JUL-2011,76,INE065B01013,
INDOASIFU,EQ,78.15,78.6,74.6,75.8,75.5,79.7,90563,6959856.15,12-JUL-2011,1490,INE076H01017,
INDOCO,EQ,435,442.35,426,428.9,426,438.75,1844,800115.3,12-JUL-2011,112,INE873D01016,
INDORAMA,EQ,42,43,40.6,41.9,41.75,43,13167,554413.75,12-JUL-2011,189,INE156A01020,
INDOSOLAR,EQ,14.5,14.55,14.25,14.35,14.25,14.55,74833,1077278.7,12-JUL-2011,320,INE866K01015,
INDOTECH,EQ,133,134.75,130.15,131.35,131,134.8,3829,504937.2,12-JUL-2011,148,INE332H01014,
INDOWIND,EQ,27.75,31.05,27.05,29.2,28.9,27.95,1561183,44985909.2,12-JUL-2011,5713,INE227G01018,
INDRAMEDCO,EQ,35.9,35.9,35.2,35.3,35.3,35.45,19191,678481.35,12-JUL-2011,110,INE681B01017,
INDSWFTLAB,EQ,98.6,99.4,95,95.95,95.75,99.2,41105,3997763.25,12-JUL-2011,915,INE915B01019,
INDSWFTLTD,EQ,30.75,30.85,30,30.3,30.3,30.85,12692,387897.35,12-JUL-2011,85,INE788B01028,
INDTERRAIN,BE,129.95,135,125.4,127.85,134.15,129.25,4890,635666.5,12-JUL-2011,40,INE611L01013,
INDUSFILA,EQ,20,21,19.7,20.55,21,20.8,2467,50370.6,12-JUL-2011,20,INE025I01012,
INDUSINDBK,EQ,276.35,279.9,272.5,274.25,273.5,281.45,610405,167608608.25,12-JUL-2011,5617,INE095A01012,
INEABS,EQ,625.1,650,625.05,626.85,626.8,628.1,7559,4803523.3,12-JUL-2011,452,INE189B01011,
INFINITE,EQ,128.2,128.2,123.7,125.45,126.5,127.8,11318,1418285.8,12-JUL-2011,334,INE486J01014,
INFODRIVE,EQ,14.3,14.3,13.45,13.95,13.65,14.45,1775,24306.15,12-JUL-2011,33,INE804D01011,
INFOMEDIA,EQ,15,15.4,15,15.1,15.2,15.1,16178,244900,12-JUL-2011,95,INE669A01022,
INFOTECENT,EQ,135.65,138.7,135.65,138.2,138.4,138.45,10831,1491138.8,12-JUL-2011,182,INE136B01020,
INFRABEES,EQ,306.1,307.25,306.1,307.25,307.25,314.3,18,5521.3,12-JUL-2011,2,INF732E01268,
INFY,EQ,2850,2850,2746.8,2791.55,2786.1,2921.15,3706582,10288243312.9,12-JUL-2011,175094,INE009A01021,
INGERRAND,EQ,480.25,499.8,480.25,491.55,491.25,484.3,13945,6868234.7,12-JUL-2011,545,INE177A01018,
INGVYSYABK,EQ,328.9,342.9,326.05,340.25,340,330.45,164513,55218934.7,12-JUL-2011,1207,INE166A01011,
INNOIND,EQ,89.15,94.4,89.1,93.1,93.1,92.5,9662,889421.4,12-JUL-2011,121,INE549I01011,
INOXLEISUR,EQ,43.55,44.9,42.85,44.35,43.8,44,85077,3746578.75,12-JUL-2011,879,INE312H01016,
INSECTICID,EQ,325.45,336,325.45,328.5,328,327.8,116212,38494978.95,12-JUL-2011,2123,INE070I01018,
IOB,EQ,141.5,142,138.85,139.35,139.3,142,140981,19801869.3,12-JUL-2011,1879,INE565A01014,
IOC,EQ,342,343,337.6,339.5,339,338.4,455439,154993196.4,12-JUL-2011,9456,INE242A01010,
IOLCP,EQ,34.35,34.95,33.45,34.95,34.95,35.2,499,17125.1,12-JUL-2011,11,INE485C01011,
IOLN,EQ,5.9,6.45,5.9,6.05,6,6.05,9686,58312.25,12-JUL-2011,70,INE517C01011,
IPCALAB,EQ,343.55,345.95,339.95,341.7,341,343.5,15970,5469928.5,12-JUL-2011,1588,INE571A01020,
IPGETF,EQ,2222,2244,2222,2235.7,2235.9,2220.3,592,1319286.65,12-JUL-2011,45,INF109K01FV4,
IPRINGLTD,EQ,80,80.35,79,79.1,79.1,78,140,11125.1,12-JUL-2011,7,INE558A01019,
IRB,EQ,173,173,168.1,170.3,170.35,173.65,584758,99681424.65,12-JUL-2011,10057,INE821I01014,
ISFT,EQ,59.4,60.35,59.3,60,60,60.3,1088,65347.35,12-JUL-2011,17,INE566K01011,
ISMTLTD,EQ,40.2,41.1,40,40.45,40.6,41.2,48999,1986918.25,12-JUL-2011,388,INE732F01019,
ISPATIND,EQ,19.3,19.45,18.95,19.15,19.05,19.45,2138291,40959893.15,12-JUL-2011,7244,INE136A01022,
ISPATIND,P1,7.15,7.35,7.15,7.3,7.3,7.55,19174,139900.2,12-JUL-2011,27,INE136A04034,
ITC,EQ,201.5,205,200.25,201.65,201.45,202.6,5459728,1108674599.95,12-JUL-2011,50406,INE154A01025,
ITDCEM,EQ,163.75,165,160.3,163.45,160.55,164.95,888,145891.1,12-JUL-2011,28,INE686A01018,
ITI,EQ,31.3,31.6,31,31.2,31.3,31.65,83352,2610762.35,12-JUL-2011,522,INE248A01017,
IVC,EQ,33.85,34,33.7,33.95,33.8,33.65,170209,5782762.45,12-JUL-2011,383,INE050B01023,
IVP,EQ,45.7,45.7,45.25,45.65,45.25,48,108,4932,12-JUL-2011,3,INE043C01018,
IVRCLAH,EQ,46.55,47.9,46.1,47.2,47.05,47.35,16686,785673.7,12-JUL-2011,296,INE414I01018,
IVRCLINFRA,EQ,70.4,70.7,68.2,68.95,68.5,71.35,2434548,168263080.65,12-JUL-2011,14378,INE875A01025,
J&KBANK,EQ,840,847.95,827.05,842.6,843,847,6885,5789594.65,12-JUL-2011,555,INE168A01017,
JAGRAN,BL,119.5,119.5,119.5,119.5,119.5,120.1,17829310,2130602545,12-JUL-2011,4,INE199G01027,
JAGRAN,EQ,119,119.85,117.6,118.05,117.7,119.65,29074,3445700.2,12-JUL-2011,686,INE199G01027,
JAGSNPHARM,EQ,14.5,14.8,14.3,14.35,14.3,14.6,886,12851.5,12-JUL-2011,11,INE048B01027,
JAIBALAJI,EQ,185,189,181.2,183.4,184.8,184.95,41501,7715601.8,12-JUL-2011,1047,INE091G01018,
JAICORPLTD,EQ,124,125.9,113,123.05,123.05,126.8,279453,34584961.35,12-JUL-2011,4771,INE070D01027,
JAINSTUDIO,EQ,9.45,10,9.45,10,10,9.45,600,5930,12-JUL-2011,7,INE486B01011,
JAMNAAUTO,EQ,125.05,128.5,125.05,127.2,126,126.65,607,76499.45,12-JUL-2011,23,INE039C01016,
JAYAGROGN,EQ,82.05,83.95,82.05,83.35,83.95,82.85,1776,147365.7,12-JUL-2011,65,INE785A01026,
JAYBARMARU,EQ,75.65,82,75.65,79.8,79.8,82.25,2003,159823.45,12-JUL-2011,91,INE571B01028,
JAYNECOIND,EQ,20.8,21.25,20.7,21.1,21.2,21.15,23852,500800.95,12-JUL-2011,157,INE854B01010,
JAYSREETEA,EQ,175,176,170.5,171.3,171.4,173.15,40227,6962218.8,12-JUL-2011,1023,INE364A01020,
JBCHEPHARM,EQ,159.55,159.55,137.1,139,138.5,139.2,521607,72988691.45,12-JUL-2011,8846,INE572A01028,
JBFIND,EQ,162.35,163,158.4,158.75,159,162.35,54712,8750746.55,12-JUL-2011,1045,INE187A01017,
JCTEL,EQ,1.3,1.4,1.3,1.4,1.4,1.35,67422,93212.35,12-JUL-2011,38,INE264B01020,
JENSONICOL,EQ,4.7,4.9,4.5,4.55,4.6,4.85,50730,233318.7,12-JUL-2011,75,INE819B01021,
JETAIRWAYS,EQ,480.55,491.4,476.05,483.6,485,482.55,704523,342107895.85,12-JUL-2011,16630,INE802G01018,
JHS,EQ,49.45,50.85,47.25,47.85,47.7,50.55,121569,5866308.95,12-JUL-2011,930,INE544H01014,
JIKIND,EQ,7.1,7.8,7.1,7.45,7.3,7.6,2826,20844.75,12-JUL-2011,19,INE026B01049,
JINDALPHOT,EQ,165,167.85,162,163.1,163.1,165.65,82439,13616657.8,12-JUL-2011,2457,INE796G01012,
JINDALPOLY,EQ,290.05,293.65,286.2,287.7,287.9,292.95,147689,42782268.5,12-JUL-2011,4229,INE197D01010,
JINDALSAW,EQ,161.3,161.3,157.7,158.95,158.4,162,112796,17937804.05,12-JUL-2011,5849,INE324A01024,
JINDALSTEL,EQ,628,630,612.25,614.6,612.95,634.8,2087759,1292604899.4,12-JUL-2011,35003,INE749A01030,
JINDALSWHL,EQ,950.95,965,936.5,941.7,944,965.5,33370,31668425.9,12-JUL-2011,1820,INE824G01012,
JINDCOT,EQ,107,118.9,105.2,111.7,111.75,105.9,427691,48310870.55,12-JUL-2011,6321,INE904J01016,
JINDRILL,EQ,456,456,446.15,448.95,451.6,458,3279,1480141.7,12-JUL-2011,195,INE742C01031,
JINDWORLD,EQ,178,180,173.2,175.3,174.15,179.7,5725,1010772.05,12-JUL-2011,262,INE247D01013,
JISLJALEQS,EQ,180,181.95,171.2,172.2,171.7,181.45,1471130,257702752.15,12-JUL-2011,17942,INE175A01038,
JKCEMENT,EQ,105.05,109,102.4,105.65,105.35,105.25,9077,956775.8,12-JUL-2011,298,INE823G01014,
JKIL,EQ,139,139,136.05,136.55,136.9,138,14602,1997226.55,12-JUL-2011,65,INE576I01014,
JKLAKSHMI,EQ,43,43.05,42.5,42.85,43.05,43,33835,1445924.1,12-JUL-2011,383,INE786A01032,
JKPAPER,EQ,47,48.4,46.65,47.85,47.6,47.55,97571,4635474.95,12-JUL-2011,623,INE789E01012,
JKTYRE,EQ,102,105.55,100.8,102.15,102.3,103.9,900389,92959078.45,12-JUL-2011,7512,INE573A01034,
JMCPROJECT,EQ,160.45,161.35,156.5,157.2,156.5,161.3,3750,596054.25,12-JUL-2011,195,INE890A01016,
JMFINANCIL,EQ,22.85,22.85,21.45,21.75,21.8,22.75,550367,12092317.2,12-JUL-2011,2772,INE780C01023,
JMTAUTOLTD,EQ,71.45,71.45,68.35,69.2,69.9,70.1,411,28457.85,12-JUL-2011,10,INE988E01010,
JOCIL,EQ,248.2,251,248.2,248.7,248.7,249.4,93,23202.35,12-JUL-2011,10,INE839G01010,
JPASSOCIAT,EQ,77.35,77.5,75.6,75.9,75.8,78.1,10230750,782137484.1,12-JUL-2011,43943,INE455F01025,
JPINFRATEC,EQ,52.5,53,51.7,52.2,52.4,52.65,99551,5194280.05,12-JUL-2011,1352,INE099J01015,
JPPOWER,EQ,45.1,45.55,44.6,45,45.2,45.55,180234,8112439.35,12-JUL-2011,1276,INE351F01018,
JSL,EQ,104.8,105.3,103,103.5,103,105.1,41118,4273009.25,12-JUL-2011,648,INE220G01021,
JSWENERGY,EQ,67.25,71.45,67.25,70.55,70.55,67.35,2368970,166543452.55,12-JUL-2011,18673,INE121E01018,
JSWSTEEL,EQ,842,851.9,826.8,836.45,835.1,849.5,488302,410750581.55,12-JUL-2011,16509,INE019A01020,
JUBILANT,EQ,211.9,217.5,186.9,210.25,209.1,211.95,342894,71641833.9,12-JUL-2011,8167,INE700A01033,
JUBLFOOD,EQ,846,860,823.35,836.6,836.65,847.1,673410,568258597.2,12-JUL-2011,25385,INE797F01012,
JUBLINDS,EQ,185,190.85,182.15,189.6,190,186,26041,4927003.4,12-JUL-2011,552,INE645L01011,
JUMBO,EQ,24.4,24.5,22.35,22.65,22.35,24.95,43651,1014072.55,12-JUL-2011,494,INE699D01015,
JUNIORBEES,EQ,112.3,112.93,111.03,111.39,111.15,112.89,31904,3566022.07,12-JUL-2011,262,INF732E01045,
JUPITER,EQ,20,20.4,19.85,20,20,20.55,135416,2722681.2,12-JUL-2011,642,INE918B01013,
JVLAGRO,EQ,21,22.2,21,21.45,22,21.45,7281,157382.55,12-JUL-2011,112,INE430G01026,
JYOTHYLAB,EQ,216,218.4,211,217.4,216.8,216.1,15315,3277245.25,12-JUL-2011,327,INE668F01031,
JYOTISTRUC,EQ,88,91.25,85.2,89.45,90.2,89.25,142648,12519398,12-JUL-2011,2111,INE197A01024,
JYOTISTRUC,W1,11.7,11.7,9.75,9.75,9.75,9.75,720,7312.5,12-JUL-2011,5,INE197A13011,
KABRAEXTRU,EQ,54,54.8,53,54,54,54.5,8871,476076.9,12-JUL-2011,167,INE900B01029,
KAJARIACER,EQ,97,97.85,96.05,96.2,96.2,97.75,35681,3455063.85,12-JUL-2011,374,INE217B01028,
KAKATCEM,EQ,70.8,71.3,68.6,69.75,70,71,949,66475.25,12-JUL-2011,38,INE437B01014,
KALECONSUL,EQ,85,85.95,82.05,82.9,83.95,86.2,6618,552740.2,12-JUL-2011,267,INE793A01012,
KALINDEE,EQ,105,106.5,104.65,106.05,106.5,106.4,78923,8351100.8,12-JUL-2011,810,INE178D01010,
KALPATPOWR,EQ,130,130.45,128.15,129.2,129.8,130.75,22903,2957451.95,12-JUL-2011,1190,INE220B01022,
KALYANIFRG,BE,169.5,170,167.2,169.05,167.2,173.15,307,51900.2,12-JUL-2011,4,INE314G01014,
KAMATHOTEL,EQ,94,96.8,93,93.45,93.25,95.7,13783,1311047.9,12-JUL-2011,128,INE967C01018,
KANDAGIRI,EQ,90,90,89.9,89.9,89.9,93.45,2,179.9,12-JUL-2011,2,INE292D01019,
KANORICHEM,EQ,53.95,54.5,53.4,53.65,53.9,54.2,51368,2764976.6,12-JUL-2011,539,INE138C01024,
KANSAINER,EQ,890,894.1,875.25,887.4,884.95,894.1,1035,913458.1,12-JUL-2011,81,INE531A01016,
KARMAENG,EQ,15.6,18.45,15.6,17.45,17,15.35,56326,998221.9,12-JUL-2011,569,INE725L01011,
KARURKCP,EQ,34.25,38.6,34.25,36.1,37.5,36.6,5302,195451.4,12-JUL-2011,23,INE727F01019,
KARURVYSYA,EQ,421,423.95,415,416.45,415.05,423.7,88504,37082065.7,12-JUL-2011,1672,INE036D01010,
KAUSHALYA,EQ,9.25,9.7,9.25,9.65,9.7,9.7,3894,37189.8,12-JUL-2011,37,INE234I01010,
KAVVERITEL,EQ,160.45,163.95,156.15,157.85,158.9,161.95,76058,12140403,12-JUL-2011,622,INE641C01019,
KBIL,EQ,653,653,635.1,645.45,640.05,653.85,544,351226.4,12-JUL-2011,39,INE920K01010,
KCP,EQ,25.2,25.6,25.1,25.2,25.2,25.2,16617,421425,12-JUL-2011,97,INE805C01028,
KCPSUGIND,EQ,15.5,15.9,15.5,15.7,15.75,15.75,21885,343484.45,12-JUL-2011,111,INE790B01024,
KEC,EQ,80.6,81.65,79,79.8,80,79.85,153307,12327519.3,12-JUL-2011,2367,INE389H01022,
KECL,EQ,42.2,43.2,42.05,42.35,42.05,43.05,5664,240071.95,12-JUL-2011,84,INE134B01017,
KEI,EQ,22.3,22.4,21.25,21.4,21.55,22.1,82640,1795734.65,12-JUL-2011,459,INE878B01027,
KEMROCK,EQ,506,509.75,493.15,497.8,494.95,508.25,276606,138586178.4,12-JUL-2011,912,INE990B01012,
KERNEX,EQ,91.75,95.75,91.75,93.5,93.75,94.9,19932,1876170,12-JUL-2011,328,INE202H01019,
KESARENT,EQ,50.45,50.45,49.8,49.8,49.8,51.2,403,20137.15,12-JUL-2011,11,INE133B01019,
KESORAMIND,EQ,161.4,164.55,161.4,162.55,162,162.55,10308,1676659.15,12-JUL-2011,234,INE087A01019,
KFA,EQ,38.3,39.4,37.9,38.5,38.3,39,1392913,53906544.2,12-JUL-2011,8015,INE438H01019,
KGL,EQ,12.55,12.7,12.25,12.35,12.3,12.65,1131934,14044011.9,12-JUL-2011,2899,INE299C01024,
KHAITANELE,EQ,107.1,109.4,107.1,109,109,107.2,346,37610.35,12-JUL-2011,9,INE761A01019,
KHAITANLTD,EQ,28.5,28.5,28.45,28.5,28.5,27.8,52,1481.75,12-JUL-2011,4,INE731C01018,
KHANDSE,EQ,17.2,17.9,17.2,17.55,17.9,17.9,1602,27760.4,12-JUL-2011,13,INE060B01014,
KICL,EQ,680.1,720,680.1,701,701,704.85,2889,2025048.2,12-JUL-2011,65,INE029L01018,
KIL,EQ,17.65,17.65,17.25,17.25,17.25,17.9,780,13469.8,12-JUL-2011,6,INE390H01012,
KILITCH,EQ,70,79.3,70,75.8,75.55,72.4,73297,5557562.75,12-JUL-2011,1693,INE729D01010,
KINETICMOT,EQ,21,21,19.8,20.15,20.05,20.6,23024,468971.05,12-JUL-2011,145,INE267B01015,
KIRIINDUS,EQ,211,213,206,207.85,207.85,211.8,47177,9841486.45,12-JUL-2011,890,INE415I01015,
KIRLOSBROS,EQ,158.1,161.3,158.1,159.35,158.5,159.6,2885,459346.05,12-JUL-2011,202,INE732A01036,
KIRLOSENG,EQ,125.95,126.85,121.7,125.6,125.05,128.45,1419,178141.15,12-JUL-2011,191,INE146L01010,
KIRLOSIND,EQ,286.55,299.9,286.55,299.65,299.8,298.35,360,106509.3,12-JUL-2011,21,INE250A01039,
KITPLYIND,EQ,3.85,4.05,3.8,4,4,3.8,6246,24749.4,12-JUL-2011,16,INE147B01019,
KKCL,EQ,690.05,705.75,680.05,684.5,682,697.65,1024,706776.5,12-JUL-2011,111,INE401H01017,
KLGSYSTEL,EQ,53.5,54.35,52,52.45,52.95,53.85,22233,1180143.85,12-JUL-2011,334,INE799A01019,
KLRF,EQ,25.6,28.7,25.6,28.3,28.4,28.05,502,13631.65,12-JUL-2011,9,INE014E01015,
KMSUGAR,EQ,3.5,3.5,3.3,3.5,3.5,3.5,986,3291,12-JUL-2011,4,INE157H01023,
KNRCON,EQ,128.9,128.9,122,125.35,124.25,127.05,2419,302956.85,12-JUL-2011,108,INE634I01011,
KOHINOOR,EQ,52.5,53.05,50.7,50.95,50.9,52,139293,7271561.75,12-JUL-2011,1378,INE080B01012,
KOLTEPATIL,EQ,48.1,48.45,46.9,47.15,47.2,48.5,26745,1269038.15,12-JUL-2011,254,INE094I01018,
KOPDRUGS,BE,6.15,6.15,6.15,6.15,6.15,6.3,1000,6150,12-JUL-2011,3,INE746A01010,
KOPRAN,EQ,21.3,23,21.05,22.45,22.25,21.35,149594,3315907.35,12-JUL-2011,639,INE082A01010,
KOTAKBANK,EQ,475.15,482.25,469.5,475.75,475.05,482.5,588522,280021532.95,12-JUL-2011,8547,INE237A01028,
KOTAKGOLD,EQ,2170.8,2187,2170.8,2177.05,2179,2163.75,44516,97035243.5,12-JUL-2011,708,INF373I01015,
KOTAKNIFTY,EQ,565,566,562,564,564,572.67,42,23686,12-JUL-2011,6,INF174K01518,
KOTAKPSUBK,EQ,392.3,415.05,392.3,415,415.05,416,201,81558.05,12-JUL-2011,18,INF373I01023,
KOTARISUG,EQ,6.45,6.45,6.05,6.3,6.3,6.6,12784,80011.3,12-JUL-2011,43,INE419A01022,
KOTHARIPET,EQ,7.65,7.9,7.65,7.8,7.9,7.85,2522,19534.4,12-JUL-2011,7,INE720A01015,
KOTHARIPRO,EQ,466.95,466.95,454.05,460.05,460.95,458.75,902,413130.95,12-JUL-2011,81,INE823A01017,
KOUTONS,EQ,31.4,31.95,28.7,29.4,29.2,31.5,640366,19444683.9,12-JUL-2011,6316,INE406I01014,
KOVAI,BE,135,135.35,134.95,135,134.95,132.25,806,108815.45,12-JUL-2011,10,INE177F01017,
KPIT,EQ,182,182.15,176.3,178.85,179,182.05,201327,36310231.15,12-JUL-2011,2908,INE836A01035,
KPRMILL,EQ,118,119.95,116.5,117.35,118.9,119.65,1042,122740.05,12-JUL-2011,53,INE930H01015,
KRBL,EQ,33,33.85,30,30.5,30.3,32.65,3595518,114918030,12-JUL-2011,18963,INE001B01026,
KRISHNAENG,EQ,3.9,4,3.9,4,4,3.95,11202,44687.8,12-JUL-2011,6,INE409C01011,
KSBPUMPS,EQ,237,237,232,235.5,234.05,238.6,2594,607687.7,12-JUL-2011,157,INE999A01015,
KSCL,EQ,430,434.85,420.2,432.9,433.5,431.85,44998,19379238.7,12-JUL-2011,757,INE455I01011,
KSE,EQ,220,220,215.1,220,220,221.35,1207,264755,12-JUL-2011,34,INE953E01014,
KSERASERA,EQ,11.45,11.6,11,11.1,11.05,11.2,413765,4652371.9,12-JUL-2011,969,INE216D01018,
KSK,EQ,111.7,112.5,111.3,112.15,112,111.9,377295,42340361.85,12-JUL-2011,2689,INE143H01015,
KSL,EQ,75,75.75,73.35,73.6,73.6,75.65,22043,1639404.7,12-JUL-2011,444,INE907A01026,
KSOILS,EQ,20.85,22,20.6,21,20.95,21.25,4539262,95970609.1,12-JUL-2011,19392,INE727D01022,
KTIL,EQ,85,90,80.3,80.85,80.85,80.1,817,68139.45,12-JUL-2011,22,INE096L01017,
KTKBANK,EQ,125.4,125.4,121.15,122.4,122.05,124.5,471183,57952395.8,12-JUL-2011,5770,INE614B01018,
KWALITY,EQ,141,142.45,138.8,139.05,139.25,143.1,609613,86125148.5,12-JUL-2011,4925,INE775B01025,
L&TFINANCE,N1,1002,1002,1000,1002,1002,1000,607,607687,12-JUL-2011,14,INE523E07426,
L&TFINANCE,N2,999.9,999.9,999.21,999.21,999.21,996,40,39982.2,12-JUL-2011,2,INE523E07434,
L&TFINANCE,N3,1145,1145.05,1145,1145,1145,1145.28,63,72135.5,12-JUL-2011,4,INE523E07442,
L&TFINANCE,N4,1046.9,1049,1044,1046.55,1046.55,1046.34,2082,2179496.45,12-JUL-2011,24,INE523E07459,
L&TFINANCE,N5,990,990,982,982,982,980.5,35,34410,12-JUL-2011,3,INE523E07475,
L&TFINANCE,N6,983,984,983,983.86,984,980.05,115,113145,12-JUL-2011,2,INE523E07483,
LAKPRE,EQ,55.5,57.7,51,52.4,52.1,54.4,52957,2901407.85,12-JUL-2011,950,INE651C01018,
LAKSHMIEFL,EQ,36.8,38.15,36.45,37.15,37.4,37.25,67545,2536827.55,12-JUL-2011,692,INE992B01026,
LAKSHMIMIL,EQ,1815,1815,1718.1,1764.95,1764.95,1790,21,37330.2,12-JUL-2011,4,INE938C01019,
LAKSHVILAS,EQ,118.6,119.45,116.7,118.55,118.65,119.45,88162,10428931.45,12-JUL-2011,1078,INE694C01018,
LANCOIN,EQ,37.5,37.5,36.85,37,36.9,37.7,10193,377650.85,12-JUL-2011,96,INE943C01027,
LAOPALA,EQ,77.7,82.2,77,77.45,77.3,81.3,4512,356079.95,12-JUL-2011,93,INE059D01012,
LAXMIMACH,EQ,2130,2146.95,2090,2113.5,2120,2126.45,1230,2605013.7,12-JUL-2011,253,INE269B01029,
LCCINFOTEC,EQ,0.65,0.7,0.65,0.7,0.7,0.75,3975,2719.3,12-JUL-2011,11,INE938A01021,
LGBBROSLTD,EQ,280.05,285,280.05,283,283,282,2909,823556.25,12-JUL-2011,37,INE337A01034,
LGBFORGE,EQ,2.6,2.9,2.6,2.7,2.7,2.7,1745,4642.5,12-JUL-2011,26,INE201J01017,
LIBERTSHOE,EQ,100,101.8,98.55,99.2,99.1,101.25,72194,7225458.15,12-JUL-2011,1342,INE557B01019,
LICHSGFIN,EQ,217.55,221.55,213.05,217.45,217.65,220.2,4892309,1061655872.65,12-JUL-2011,55994,INE115A01026,
LIQUIDBEES,EQ,1000,1000.01,999.99,1000,999.99,1000,71425,71424981.7,12-JUL-2011,557,INF732E01037,
LITL,EQ,24.25,24.4,22.7,23,22.95,24.4,18343609,428131542.5,12-JUL-2011,43779,INE785C01048,
LLOYDELENG,EQ,56.3,56.3,53.45,54.95,54.8,56.45,60806,3330873.2,12-JUL-2011,819,INE245C01019,
LLOYDFIN,EQ,1.2,1.35,1.2,1.3,1.25,1.3,12611,16093.5,12-JUL-2011,17,INE174A01015,
LLOYDSTEEL,EQ,17.05,17.45,16.75,16.9,16.95,17.3,431569,7388873.85,12-JUL-2011,1473,INE292A01015,
LML,EQ,12.7,12.9,11.15,11.6,11.55,12.45,4143243,49862145.4,12-JUL-2011,10497,INE862A01015,
LOGIXMICRO,EQ,17.9,17.9,17.5,17.5,17.8,17.7,642,11271.65,12-JUL-2011,9,INE848A01014,
LOKESHMACH,EQ,44.5,44.5,43.1,44,44,44.2,6914,303019.3,12-JUL-2011,39,INE397H01017,
LOTUSEYE,EQ,10.2,10.8,10.2,10.75,10.8,10.5,16464,173057,12-JUL-2011,58,INE947I01017,
LOVABLE,EQ,412.85,412.9,402,405.55,403.25,416.25,450633,183357052.95,12-JUL-2011,11550,INE597L01014,
LPDC,EQ,3,3.1,2.8,2.8,2.8,2.85,3399,10051.2,12-JUL-2011,15,INE197J01017,
LT,EQ,1812.3,1823.75,1768,1779.15,1769.1,1832.8,1434353,2575192365.95,12-JUL-2011,53525,INE018A01030,
LUMAXAUTO,EQ,39.1,39.85,39,39.15,39.1,39.95,463,18132.1,12-JUL-2011,11,INE547G01019,
LUMAXIND,EQ,334.85,334.85,328,330.55,330.65,329.85,969,320707.85,12-JUL-2011,117,INE162B01018,
LUMAXTECH,EQ,174,176.75,173.5,174.9,174.9,173.6,3614,636684.5,12-JUL-2011,25,INE872H01019,
LUPIN,EQ,454.95,463,451,458.3,460,456.45,509570,233524991.55,12-JUL-2011,13480,INE326A01037,
LYKALABS,EQ,18,18.6,18,18.35,18.25,18.2,5705,104155,12-JUL-2011,75,INE933A01014,
M&M,EQ,716.3,724.8,700.1,703.35,701,726.75,1198754,851076867.75,12-JUL-2011,35071,INE101A01026,
M&MFIN,EQ,665.1,669.85,646.05,666.1,663,663.4,14611,9645937.35,12-JUL-2011,1073,INE774D01016,
M100,EQ,8.5,8.5,7.76,7.78,7.76,7.88,108824,852017.98,12-JUL-2011,194,INF247L01023,
M50,EQ,76.91,76.91,74.16,74.64,74.28,75.36,2532,189227.79,12-JUL-2011,103,INF247L01015,
MAANALU,EQ,59,59,58.05,59,59,59,312,18396.6,12-JUL-2011,6,INE215I01019,
MADHAV,EQ,17.65,17.65,17,17.35,17.5,17.25,806,13983.65,12-JUL-2011,14,INE925C01016,
MADHUCON,EQ,87.05,87.45,85.5,86.75,87,86.9,4491,388509.9,12-JUL-2011,197,INE378D01032,
MADRASCEM,EQ,84.95,86.25,82.85,83.85,84.7,82.25,247761,20976624.35,12-JUL-2011,3565,INE331A01037,
MADRASFERT,EQ,26,26.5,25.9,26.25,26.4,26.25,246739,6472306.4,12-JUL-2011,442,INE414A01015,
MAGMA,EQ,78.1,79,71.75,73.45,73.5,78.75,274853,20683125.3,12-JUL-2011,3214,INE511C01022,
MAGNUM,EQ,5.55,5.55,5.25,5.45,5.45,5.55,7221,38612.95,12-JUL-2011,42,INE387I01016,
MAHABANK,EQ,55.3,55.35,54.55,55.1,54.75,55.15,53778,2952037.15,12-JUL-2011,641,INE457A01014,
MAHINDFORG,EQ,70.6,71.35,69.1,69.55,69.1,70.85,36962,2587723.4,12-JUL-2011,347,INE536H01010,
MAHINDUGIN,EQ,48,49,47.8,47.85,48,49.2,4707,227326.55,12-JUL-2011,117,INE850A01010,
MAHLIFE,EQ,369.85,374.7,367.1,369.05,369.7,374.95,2931,1085424.15,12-JUL-2011,150,INE813A01018,
MAHSCOOTER,EQ,356,360,342.25,359.9,359.95,357.8,2841,1005409.35,12-JUL-2011,122,INE288A01013,
MAHSEAMLES,EQ,372,378,370,373.55,373.6,374.9,49924,18669485.2,12-JUL-2011,206,INE271B01025,
MAITHANALL,EQ,136.15,137,136.15,137,137,138.8,14,1912.05,12-JUL-2011,2,INE683C01011,
MALUPAPER,EQ,13.35,13.9,13.35,13.85,13.85,13.7,16102,221534.8,12-JUL-2011,76,INE383H01017,
MALWACOTT,EQ,32.15,35.25,32.15,33.25,33.2,34.15,1795,60424.65,12-JUL-2011,44,INE272B01015,
MANAKSIA,EQ,66.5,67.5,65.5,66,65.8,66.6,6881,456579.7,12-JUL-2011,172,INE015D01022,
MANALIPETC,EQ,14.4,14.55,14.1,14.25,14.25,14.4,151068,2165637.1,12-JUL-2011,426,INE201A01024,
MANAPPURAM,EQ,56.5,56.9,56.2,56.5,56.7,56.9,620646,35057093.2,12-JUL-2011,4928,INE522D01027,
MANDHANA,EQ,186.05,186.6,182.6,184.1,184,186.7,30025,5523706.9,12-JUL-2011,201,INE087J01010,
MANGALAM,EQ,13.2,13.75,12.25,12.6,12.7,13.15,5252,65955.3,12-JUL-2011,47,INE584F01014,
MANGCHEFER,EQ,30.4,31.4,30.15,30.45,30.3,30.75,206463,6371481,12-JUL-2011,1250,INE558B01017,
MANGLMCEM,EQ,110.65,111.4,109.2,109.85,109.55,110.65,29868,3291832.05,12-JUL-2011,280,INE347A01017,
MANGTIMBER,EQ,16.4,16.85,15.85,15.85,15.85,16.5,1858,29913.5,12-JUL-2011,28,INE805B01012,
MANINDS,EQ,141.1,143.4,141.1,142,141.1,142,27833,3950884,12-JUL-2011,283,INE993A01026,
MANINFRA,EQ,129.5,132.9,125.15,127.35,126.1,130.6,9758,1254396.55,12-JUL-2011,313,INE949H01015,
MANJEERA,EQ,85,87.8,85,85.1,85.1,89.2,343,29648,12-JUL-2011,4,INE320D01018,
MANJUSHREE,EQ,72.15,75,72.15,72.45,72.45,74,154,11262.1,12-JUL-2011,5,INE435H01015,
MANUGRAPH,EQ,50.5,51.3,50.5,50.75,51.2,50.7,1644,83581.1,12-JUL-2011,16,INE867A01022,
MARALOVER,EQ,12.05,13.15,12.05,13,13,13.3,2005,26123.5,12-JUL-2011,13,INE882A01013,
MARG,EQ,92.5,94.3,89.8,90.75,90.2,93.45,86085,7940728.5,12-JUL-2011,960,INE941E01019,
MARICO,EQ,164.05,168,162.1,167.2,167.7,166,212431,35046229.55,12-JUL-2011,4038,INE196A01026,
MARKSANS,EQ,2.85,2.85,2.75,2.75,2.8,2.9,95610,268109.15,12-JUL-2011,112,INE750C01026,
MARUTI,EQ,1151.5,1152,1140.25,1147.45,1145,1164.15,174207,199848450.5,12-JUL-2011,9003,INE585B01010,
MASTEK,EQ,120.2,123,117.2,117.7,117.7,121,82260,9863808.85,12-JUL-2011,1491,INE759A01021,
MAWANASUG,EQ,24.55,24.55,24,24.05,24,24.45,3186,76688,12-JUL-2011,28,INE636A01039,
MAX,EQ,175.05,180.2,175.05,176.65,176.9,178.45,139819,24861096.95,12-JUL-2011,3608,INE180A01020,
MAXWELL,EQ,19.4,19.7,18.9,19,18.9,19.5,29116,562509.35,12-JUL-2011,152,INE450G01024,
MBECL,EQ,138.25,141.35,136.3,139.6,140,140.7,107168,15000142.25,12-JUL-2011,229,INE748A01016,
MBLINFRA,EQ,149.15,152.95,148.95,149.85,150,150.1,4344,649865.25,12-JUL-2011,151,INE912H01013,
MCDHOLDING,EQ,85.3,86.6,83.65,84.35,84.4,85.95,4632,392880.05,12-JUL-2011,164,INE836H01014,
MCDOWELL-N,EQ,1065,1117,1033.05,1051.55,1049.9,1067.6,222969,238106791.2,12-JUL-2011,13420,INE854D01016,
MCLEODRUSS,EQ,277.25,282,271.55,277.25,276.1,278,343156,96083658.65,12-JUL-2011,3869,INE942G01012,
MEGASOFT,EQ,22.6,22.75,22,22.5,22.4,22.6,9744,218447.15,12-JUL-2011,74,INE933B01012,
MEGH,EQ,13,13.35,12.75,12.85,12.85,13.3,154500,2018687.9,12-JUL-2011,441,INE974H01013,
MELSTAR,EQ,8,8.15,7.65,7.7,7.65,8.1,458,3577,12-JUL-2011,6,INE817A01019,
MERCK,EQ,660,669.5,651.5,657.1,654.95,670,4112,2702764.1,12-JUL-2011,262,INE199A01012,
MHRIL,EQ,341.55,374,341.55,372.85,373.5,374.1,8324,3019397.85,12-JUL-2011,255,INE998I01010,
MIC,EQ,13.6,13.6,13.2,13.35,13.35,13.6,256383,3424179.65,12-JUL-2011,1001,INE287C01029,
MICROSEC,EQ,38,38.8,37.05,37.55,37.7,38.15,25878,978023.7,12-JUL-2011,318,INE019J01013,
MICROTECH,EQ,127.35,129.85,127.05,128.9,129.8,130.35,8606,1107941.8,12-JUL-2011,188,INE358B01012,
MINDAIND,EQ,229,237.45,229,234.5,233,237.25,874,204601.2,12-JUL-2011,29,INE405E01015,
MINDTREE,EQ,361.4,366.75,354.95,357.05,355,367.15,40566,14564887.85,12-JUL-2011,1301,INE018I01017,
MIRCELECTR,EQ,23.75,24.7,23.75,24.45,24.25,24.4,50272,1223309.85,12-JUL-2011,266,INE831A01028,
MIRZAINT,EQ,22.3,22.65,22,22.1,22.2,22.45,119932,2662695.45,12-JUL-2011,367,INE771A01026,
MLL,EQ,38.25,38.7,37.1,37.5,37.25,38.85,1015785,38417850.8,12-JUL-2011,3927,INE934B01028,
MMFL,EQ,109,113,109,112,112,112.25,378,42285.05,12-JUL-2011,18,INE227C01017,
MMFSL,EQ,98.8,100.95,93.5,98.05,97.7,96.1,266344,26487875.35,12-JUL-2011,3338,INE180C01018,
MMTC,EQ,910,923.9,906.05,908.3,908.75,916.4,12552,11451811.85,12-JUL-2011,1251,INE123F01029,
MOIL,EQ,345.5,354.5,344,350.75,351,347.4,219868,76896415.9,12-JUL-2011,7012,INE490G01020,
MONNETISPA,EQ,511.4,511.4,501.1,507.55,506.1,506.95,4434,2238714.6,12-JUL-2011,175,INE743C01013,
MONSANTO,EQ,1745,1768.95,1710.15,1730.25,1739,1758.45,745,1299607.95,12-JUL-2011,158,INE274B01011,
MORARJETEX,EQ,19.7,19.7,16.6,16.75,16.75,17.3,5926,102174.55,12-JUL-2011,89,INE161G01019,
MOREPENLAB,EQ,4.6,5,4.6,4.8,4.8,4.95,283452,1364580.3,12-JUL-2011,400,INE083A01026,
MOSERBAER,EQ,38.55,38.8,36.35,38.45,38.5,38.5,570014,21668019.85,12-JUL-2011,3784,INE739A01015,
MOTHERSUMI,EQ,241.2,241.9,235,239.3,237,241.2,143527,34298797,12-JUL-2011,4153,INE775A01035,
MOTILALOFS,EQ,102,103.2,99,99.75,100,102.45,5476,552016.85,12-JUL-2011,263,INE338I01027,
MOTOGENFIN,EQ,45.45,46,45.45,46,46,46,2207,101319.1,12-JUL-2011,25,INE861B01015,
MPHASIS,EQ,449.5,453.95,425.55,430.1,428.5,455.6,398746,172054708.95,12-JUL-2011,11638,INE356A01018,
MPSLTD,EQ,40.3,42.4,40.1,41.5,40.1,40.5,4737,193438.4,12-JUL-2011,18,INE943D01017,
MRF,EQ,7355,7515,7320,7461.9,7450,7380,26994,200855636.4,12-JUL-2011,5209,INE883A01011,
MRO-TEK,EQ,15.7,15.75,15.3,15.4,15.4,15.65,2387,36977.45,12-JUL-2011,26,INE398B01018,
MRPL,EQ,80,81.5,78.25,78.8,78.25,80.55,579587,46270689.75,12-JUL-2011,5847,INE103A01014,
MSPL,EQ,48.7,50.5,47,49.95,50.35,48,63353,3120413.45,12-JUL-2011,558,INE752G01015,
MTNL,EQ,43.55,43.6,43,43.3,43.15,43.75,184976,8004552.75,12-JUL-2011,2275,INE153A01019,
MUDRA,EQ,30.55,34,28.15,31.35,31.4,34,132539,4161119.9,12-JUL-2011,1124,INE311H01018,
MUKANDENGG,EQ,35,35,31.05,32.1,32.3,32.2,5071,161442.8,12-JUL-2011,123,INE022B01014,
MUKANDLTD,EQ,44.4,44.75,41.1,43.95,44,44.7,32966,1432003,12-JUL-2011,424,INE304A01026,
MUKTAARTS,EQ,37.7,37.95,36,36.25,36.15,37,3376,124754.7,12-JUL-2011,40,INE374B01019,
MUNDRAPORT,EQ,155.3,156.7,153.5,153.9,153.65,157.1,673388,104346314.75,12-JUL-2011,13300,INE742F01042,
MUNJALAU,EQ,140.2,140.2,136,136.45,136.5,137.6,1166,159284.6,12-JUL-2011,22,INE672B01024,
MUNJALSHOW,EQ,58.5,60.25,58.5,59.05,59,59.65,9898,587726.4,12-JUL-2011,129,INE577A01027,
MURLIIND,EQ,30.4,30.4,29.5,29.5,29.5,31.05,5990,178675.65,12-JUL-2011,50,INE806B01028,
MURUDCERA,EQ,17.5,18.3,17.5,18,18,18.2,2049,36837.8,12-JUL-2011,20,INE692B01014,
MUTHOOTFIN,EQ,161.4,164.85,160,163.4,164.85,162.75,236220,38285707.6,12-JUL-2011,4038,INE414G01012,
MVL,EQ,25.3,25.3,22.25,24.85,24.9,24.95,241548,5943153.9,12-JUL-2011,1289,INE744I01034,
MVLIND,EQ,16,16.55,15.3,15.65,15.65,16.45,8264,129533.95,12-JUL-2011,40,INE141B01020,
MYSOREBANK,EQ,625.1,634.7,625.1,627.85,627,639.85,1526,959820.8,12-JUL-2011,125,INE651A01020,
N100,EQ,101.55,103,101.1,102.75,102.75,103.17,201,20487.78,12-JUL-2011,22,INF247L01031,
NAGARFERT,EQ,34.5,35,33.85,34.55,34.55,34.55,1133593,39153983.95,12-JUL-2011,4863,INE580A01013,
NAGREEKCAP,EQ,28.25,28.9,27.2,28.75,28.25,28.1,2026,57427.6,12-JUL-2011,8,INE245I01016,
NAGREEKEXP,EQ,22,22.2,21.15,21.5,21.7,22,11388,244861.2,12-JUL-2011,33,INE123B01028,
NAHARCAP,EQ,62.9,62.9,60,60.1,60,61.6,1226,74967.25,12-JUL-2011,19,INE049I01012,
NAHARINDUS,EQ,54,54,51.4,51.4,51.4,53.55,5158,268508.5,12-JUL-2011,57,INE289A01011,
NAHARPOLY,EQ,27,27.6,27,27.25,27.2,27.85,3299,90751.95,12-JUL-2011,8,INE308A01027,
NAHARSPING,EQ,79.5,81.2,79.15,79.75,80.45,80.9,6754,537992.75,12-JUL-2011,112,INE290A01027,
NANDAN,EQ,2.65,2.65,2.55,2.55,2.55,2.6,84067,218867.5,12-JUL-2011,34,INE875G01022,
NATCOPHARM,EQ,271,285.4,270,275,275,273,72649,20258589.15,12-JUL-2011,2357,INE987B01018,
NATIONALUM,EQ,82.65,82.95,80.1,81.3,80.2,82.7,138429,11324647.15,12-JUL-2011,1595,INE139A01034,
NATNLSTEEL,EQ,18.9,18.9,17.65,18.7,18.75,18.65,16453,306042.7,12-JUL-2011,93,INE088B01015,
NAUKRI,EQ,712.5,733,704.25,728.5,730,713.4,846,610553.75,12-JUL-2011,67,INE663F01024,
NAVINFLUOR,EQ,290.65,300.25,290.65,298.8,300.25,296.95,11883,3533673.95,12-JUL-2011,322,INE048G01018,
NAVNETPUBL,EQ,64.45,65.5,63.9,65.05,65.1,64.7,150644,9764558.6,12-JUL-2011,1636,INE060A01024,
NBVENTURES,EQ,223,236,223,230.45,231,232.3,44228,10140025.25,12-JUL-2011,975,INE725A01022,
NCC,EQ,82.8,83.55,79.9,81.1,80.75,83.95,530577,43151562,12-JUL-2011,6260,INE868B01028,
NCLIND,EQ,35.05,35.6,34.85,35.15,35.25,35.6,10759,380844.15,12-JUL-2011,86,INE732C01016,
NDTV,EQ,66.9,69.2,66.55,67.8,68.35,67.2,78373,5316051.65,12-JUL-2011,1210,INE155G01029,
NECLIFE,EQ,24.75,24.9,24.65,24.8,24.75,24.95,33988,841869.6,12-JUL-2011,167,INE023H01027,
NEHAINT,EQ,180.35,186,175.7,183.8,183,186.3,124732,22713066.3,12-JUL-2011,804,INE874D01022,
NELCAST,EQ,100,101,99,99.6,99.6,100.2,4222,424354.85,12-JUL-2011,64,INE189I01016,
NELCO,EQ,74,74.8,71.5,72.6,72.6,74.65,59650,4351339.7,12-JUL-2011,1222,INE045B01015,
NEOCURE,EQ,3.2,3.25,3.1,3.2,3.2,3.25,1720,5404.25,12-JUL-2011,5,INE695B01025,
NEPCMICON,EQ,4.5,4.5,4.1,4.15,4.15,4.25,20189,84338.55,12-JUL-2011,77,INE588A01016,
NESCO,EQ,650,707,650,687.3,686.25,699.25,661295,458685313.7,12-JUL-2011,29179,INE317F01027,
NESTLEIND,EQ,4349,4355,4262,4314.65,4292,4309.15,30918,133648446.25,12-JUL-2011,2863,INE239A01016,
NET4,EQ,116.9,117.65,114.05,114.8,114.05,115.55,23111,2683374.65,12-JUL-2011,275,INE553E01012,
NETWORK18,EQ,123.6,128.5,123.6,127.5,127.3,126.65,72768,9284168.5,12-JUL-2011,1034,INE870H01013,
NEULANDLAB,EQ,108,110,103.6,104.7,105,109.6,5906,623275.25,12-JUL-2011,112,INE794A01010,
NEXTMEDIA,EQ,6,6.2,5.8,5.95,6,5.95,11007,65501.45,12-JUL-2011,103,INE747B01016,
NEYVELILIG,EQ,99,100.75,98.5,99.2,99.4,100.05,69660,6940426.15,12-JUL-2011,978,INE589A01014,
NFL,EQ,92,93.2,90.25,90.85,90.65,92.75,138922,12775400.35,12-JUL-2011,2095,INE870D01012,
NHPC,EQ,24.7,25.05,24.55,24.7,24.65,24.8,8152672,201781563.6,12-JUL-2011,7894,INE848E01016,
NICCO,BE,3.1,3.1,2.8,2.95,2.95,2.95,12750,37876.5,12-JUL-2011,19,INE241C01026,
NIFTYBEES,EQ,567.1,569.01,563,565.46,567,570.39,207606,117284339.82,12-JUL-2011,2124,INF732E01011,
NIITLTD,EQ,54.2,55.4,53.6,53.95,53.9,55.45,158407,8623319.95,12-JUL-2011,1586,INE161A01038,
NIITTECH,EQ,185,186,183.1,185.05,185.2,184.15,125870,23277389.95,12-JUL-2011,2715,INE591G01017,
NILKAMAL,EQ,282.95,283,276.1,278.55,276.1,284.55,11043,3092598.6,12-JUL-2011,396,INE310A01015,
NIPPOBATRY,EQ,480,483.9,470,472.05,470,481.55,1887,900048,12-JUL-2011,134,INE567A01010,
NISSAN,EQ,2.55,2.65,2.5,2.55,2.55,2.6,45192,116916.15,12-JUL-2011,98,INE846H01021,
NITCO,EQ,59,60.45,58.2,59.6,60.35,59.9,16944,1000555.25,12-JUL-2011,286,INE858F01012,
NITESHEST,EQ,21.45,23.7,21.45,23.1,23.25,23.35,41569,958778.75,12-JUL-2011,274,INE639K01016,
NITINFIRE,EQ,103.5,105.45,101.6,103.45,103.15,105.1,348782,36276852.1,12-JUL-2011,2747,INE489H01020,
NITINSPIN,EQ,9.1,9.25,8.95,9,9,9.05,7323,65994.75,12-JUL-2011,36,INE229H01012,
NMDC,EQ,254,257.55,253.1,254.6,253.3,256.55,95766,24455260.3,12-JUL-2011,3338,INE584A01023,
NOCIL,EQ,18,18,17.35,17.5,17.45,17.8,252291,4452255.3,12-JUL-2011,993,INE163A01018,
NOIDATOLL,EQ,26.5,27.35,25.8,27,26.85,26.35,376244,10027555.8,12-JUL-2011,1564,INE781B01015,
NOL,EQ,54.6,54.6,49.4,50.15,50.15,52,184,9293.75,12-JUL-2011,10,INE296D01010,
NORBTEAEXP,EQ,7,7,6.55,6.6,6.85,6.75,2066,14099.9,12-JUL-2011,16,INE369C01017,
NORTHGATE,EQ,12,12,11.6,11.7,11.65,11.85,17627,205809.25,12-JUL-2011,65,INE217G01019,
NOVOPANIND,EQ,42,42,41.5,41.5,41.5,42,116,4869,12-JUL-2011,3,INE460B01016,
NRBBEARING,EQ,52.85,53.6,51.6,52.05,52,52.95,19301,1015276.7,12-JUL-2011,303,INE349A01021,
NRC,EQ,5.55,5.9,5.55,5.6,5.6,5.7,2386,13706.8,12-JUL-2011,19,INE953C01018,
NSIL,EQ,767,767,750.15,759.95,759.95,761.35,19,14350.85,12-JUL-2011,5,INE023A01030,
NTPC,EQ,188,190,183.1,187,186.5,189.15,3270790,612132907.5,12-JUL-2011,23631,INE733E01010,
NUCENT,EQ,1.7,1.7,1.7,1.7,1.7,1.75,4,6.8,12-JUL-2011,1,INE980A01023,
NUCHEM,EQ,4.5,4.85,4.45,4.6,4.6,4.45,9377,42766.4,12-JUL-2011,124,INE946A01016,
NUCLEUS,EQ,82,82.6,79.6,80.05,79.75,82.9,29551,2378365.4,12-JUL-2011,549,INE096B01018,
NUMERICPW,EQ,226.5,226.5,209,215.4,215.95,218.35,7555,1626798.6,12-JUL-2011,220,INE409B01013,
NUTEK,EQ,5,5,4.65,4.75,4.8,4.85,663386,3139051.7,12-JUL-2011,1244,INE318J01027,
OBEROIRLTY,EQ,237.8,238.9,235,236.1,236,237.8,7244,1710634.1,12-JUL-2011,138,INE093I01010,
OCL,EQ,99.55,100.5,97.5,98,98,99.85,9958,983658.5,12-JUL-2011,170,INE290B01025,
OFSS,EQ,2292.95,2319,2262.2,2290.05,2280,2301.65,42800,98166530.5,12-JUL-2011,3307,INE881D01027,
OIL,EQ,1270,1295,1264.95,1282.05,1281.15,1270.95,21937,28158777,12-JUL-2011,1771,INE274J01014,
OILCOUNTUB,EQ,69.2,70.05,68.55,69.05,69.15,70.15,6286,435730.45,12-JUL-2011,204,INE591A01010,
OISL,EQ,39,39.4,38.3,39.15,38.7,38.95,4124,160587.25,12-JUL-2011,30,INE196J01019,
OMAXAUTO,EQ,44,44,42.15,42.85,43.3,43.25,2472,106304.65,12-JUL-2011,48,INE090B01011,
OMAXE,EQ,138.5,138.95,135.1,135.8,136.2,139.25,146775,20072659.25,12-JUL-2011,616,INE800H01010,
OMKARCHEM,EQ,66,72,56.65,70,70,70.75,23237,1643471.8,12-JUL-2011,362,INE474L01016,
OMMETALS,EQ,33.8,35.95,33.8,33.8,33.8,35.65,1100,37413.7,12-JUL-2011,10,INE239D01028,
OMNITECH,EQ,147,148.65,144.25,145.3,144.25,147.55,3766,550864.15,12-JUL-2011,190,INE810H01019,
ONGC,EQ,279.9,284,278,281.65,281.75,281,2660968,750470109,12-JUL-2011,35981,INE213A01029,
ONMOBILE,EQ,100.25,101.5,99.25,99.95,99.85,102.15,615438,61674103.15,12-JUL-2011,8189,INE809I01019,
ONWARDTEC,EQ,35.15,35.15,35.15,35.15,35.15,36.3,200,7030,12-JUL-2011,2,INE229A01017,
OPTOCIRCUI,EQ,285,285.8,278,279.35,278.4,286.2,211208,59381116.5,12-JUL-2011,6997,INE808B01016,
ORBITCORP,EQ,42.85,43.1,41.55,42.05,41.8,43.5,449717,19049898.6,12-JUL-2011,2732,INE628H01015,
ORCHIDCHEM,EQ,247.05,252.4,244.65,247.7,246.4,249.3,1895357,471313320.95,12-JUL-2011,24816,INE191A01019,
ORIENTABRA,EQ,31,31.7,31,31.5,31.7,31.65,5529,173634.5,12-JUL-2011,33,INE569C01020,
ORIENTALTL,EQ,9,9,8.7,8.85,8.85,8.7,2304,20720.4,12-JUL-2011,14,INE998H01012,
ORIENTBANK,EQ,328.1,332.5,325.2,329.4,328.5,329.65,1133124,373209842.8,12-JUL-2011,9388,INE141A01014,
ORIENTCERA,EQ,52.1,54.5,52.1,53.95,53.95,53.7,354,18692.25,12-JUL-2011,9,INE607D01018,
ORIENTHOT,EQ,31,31,30.05,30.5,30.65,30.65,3089,93678.15,12-JUL-2011,43,INE750A01020,
ORIENTLTD,EQ,81.15,87.5,81,81.05,81,84.25,327,26709.35,12-JUL-2011,17,INE609C01024,
ORIENTPPR,EQ,54.5,55.2,54.15,54.7,55,54.8,15103,822304.75,12-JUL-2011,191,INE592A01026,
ORISSAMINE,EQ,58943,60299.95,57600,58035.05,57700,59729.25,1638,96243893.75,12-JUL-2011,1516,INE725E01016,
OSWALMIN,BE,45.9,45.9,41.8,41.8,41.8,44,72,3104.95,12-JUL-2011,14,INE469B01017,
OUDHSUG,EQ,30.1,30.45,29.55,29.8,29.55,30.8,9652,289468.5,12-JUL-2011,111,INE594A01014,
PAEL,EQ,29.5,30,28.25,29.9,30,29.85,4739,139761.3,12-JUL-2011,138,INE766A01018,
PAGEIND,EQ,1865,1924,1865,1902.65,1890.15,1893.35,797,1513687.55,12-JUL-2011,177,INE761H01022,
PANACEABIO,EQ,161.3,162.7,161.05,161.35,161.05,163.3,3338,539782.75,12-JUL-2011,162,INE922B01023,
PANASONIC,EQ,110.5,112.9,107,107.75,107,112.75,1666,182029.75,12-JUL-2011,36,INE841C01015,
PANCARBON,EQ,163.2,163.2,157.95,157.95,157.95,159.45,731,117122.75,12-JUL-2011,20,INE013E01017,
PANORAMUNI,EQ,14,14.75,13.95,14.7,14.75,14.5,2829,40842.7,12-JUL-2011,14,INE194B01029,
PANTALOONR,EQ,319.15,319.3,308.3,312.55,312.5,319.15,339199,106300047.5,12-JUL-2011,10042,INE623B01027,
PAPERPROD,EQ,75,75.85,73.3,74.5,74.45,74.45,38010,2833757.25,12-JUL-2011,394,INE275B01026,
PARABDRUGS,EQ,39.1,40.35,39,40.05,40.1,40.1,9444,376861.45,12-JUL-2011,135,INE618H01016,
PARACABLES,EQ,3.9,3.9,3.7,3.75,3.7,3.75,2980,11214.3,12-JUL-2011,18,INE074B01023,
PARAL,EQ,265,281.95,265,276.7,276,273.1,10504,2902954.05,12-JUL-2011,474,INE620C01013,
PARAPRINT,EQ,22.1,22.5,21.8,22.05,22,22.3,292396,6502379.9,12-JUL-2011,435,INE702L01010,
PARASPETRO,EQ,0.6,0.6,0.55,0.6,0.6,0.55,25101,13863.05,12-JUL-2011,8,INE162C01024,
PAREKHPLAT,EQ,4.9,5.2,4.6,4.8,4.8,4.7,19741,95976.6,12-JUL-2011,121,INE598A01015,
PARRYSUGAR,BE,114,114,108.25,112.5,112.5,113.5,270,30437.5,12-JUL-2011,12,INE353B01021,
PARSVNATH,EQ,47.55,48.55,46.35,47.3,47.45,48.2,723043,34398296.4,12-JUL-2011,1460,INE561H01026,
PATELENG,EQ,148.95,151.5,144,145.7,145.55,150.05,814701,120166963.5,12-JUL-2011,12425,INE244B01030,
PATINTLOG,EQ,30.2,31.05,30,30.1,30.1,30.5,1237,37346.05,12-JUL-2011,20,INE529D01014,
PATNI,EQ,336.75,341.6,331.95,338.4,336.25,336.75,100035,33760486.95,12-JUL-2011,2683,INE660F01012,
PATSPINLTD,EQ,19,19,16.35,16.65,16.8,16.8,4686,80098.6,12-JUL-2011,33,INE790C01014,
PBAINFRA,EQ,63.75,63.75,61.3,61.85,62,63.75,7328,457306.25,12-JUL-2011,176,INE160H01019,
PDPL,EQ,114,114,105.05,110,110,113.1,4727,519696.45,12-JUL-2011,101,INE904D01019,
PDUMJEIND,EQ,20.5,20.5,20.45,20.5,20.5,20.8,351,7190.45,12-JUL-2011,6,INE105C01023,
PDUMJEPULP,EQ,20,20.3,19.55,19.65,19.55,20.2,16657,332030.85,12-JUL-2011,41,INE606A01024,
PEACOCKIND,EQ,3.05,3.05,2.9,3.05,3.05,3.15,4052,12223.6,12-JUL-2011,26,INE600A01019,
PEARLPOLY,BE,28.2,28.2,26.05,28,28,27.25,5610,152499.55,12-JUL-2011,26,INE844A01013,
PENIND,EQ,39.6,40.9,39,40.85,40.8,40.7,34569,1377171.9,12-JUL-2011,146,INE932A01024,
PENINLAND,EQ,52.5,53.7,52.05,53.3,53.2,53.1,13602,719432.9,12-JUL-2011,291,INE138A01028,
PERIATEA,EQ,180,183.95,162.6,166,166,172.95,1233,208318.6,12-JUL-2011,36,INE431F01018,
PERSISTENT,EQ,366.7,371,363.4,364.85,365.9,368.75,7003,2553411.15,12-JUL-2011,307,INE262H01013,
PETRONENGG,EQ,347.5,354.5,347.5,351.35,353.5,354.25,6195,2179759.1,12-JUL-2011,90,INE742A01019,
PETRONET,EQ,143.1,143.4,140.1,141.8,142.25,143.1,1264633,178981794.65,12-JUL-2011,11105,INE347G01014,
PFC,EQ,191.3,194.1,186.55,187.75,188,194.05,1347967,257923113.35,12-JUL-2011,13190,INE134E01011,
PFIZER,EQ,1451,1498.9,1440,1458.75,1465,1449.35,5935,8741524.6,12-JUL-2011,519,INE182A01018,
PFOCUS,EQ,62.8,65.9,62.5,63.8,63.95,63.9,793023,50807949.4,12-JUL-2011,7188,INE367G01038,
PFS,EQ,17.6,17.6,17.35,17.4,17.45,17.65,41289,719291.3,12-JUL-2011,288,INE560K01014,
PGHH,EQ,2000,2015,1961.05,1968.85,1961.1,1991.65,586,1160726.6,12-JUL-2011,98,INE179A01014,
PHILIPCARB,EQ,140,143.1,140,141.1,141.2,142.65,15660,2215957.35,12-JUL-2011,673,INE602A01015,
PHOENIXLTD,EQ,210.05,219,210.05,212.5,212,216.95,36350,7736795.5,12-JUL-2011,1584,INE211B01039,
PIDILITIND,EQ,170.4,170.5,166,167.65,166,170.25,80559,13572354.25,12-JUL-2011,972,INE318A01026,
PIIND,EQ,775,800,770,773.35,780,765,2169,1695511.8,12-JUL-2011,58,INE603J01014,
PIONDIST,EQ,59,59,50,51,51,51.4,7441,394845,12-JUL-2011,86,INE889E01010,
PIONEEREMB,EQ,18.6,18.95,17.7,17.95,17.7,17.9,10949,201785.6,12-JUL-2011,127,INE156C01018,
PIPAVAVYD,EQ,75.9,77.7,75.65,76.2,76.15,76.5,740036,56610157.3,12-JUL-2011,3735,INE542F01012,
PIRGLASS,EQ,133,135.8,133,135.25,135.65,135.05,35558,4788174.2,12-JUL-2011,203,INE748E01018,
PIRHEALTH,EQ,396.5,398.55,390,390.95,392.9,397.5,31604,12420977.05,12-JUL-2011,1471,INE140A01024,
PIRLIFE,EQ,91.95,92.8,90,90.85,90,90.8,8638,789135,12-JUL-2011,194,INE122J01015,
PITTILAM,EQ,39.55,41.4,39.25,40.5,40.5,40.6,7560,305826.1,12-JUL-2011,91,INE450D01013,
PLETHICO,EQ,348.6,359,347.35,348.45,348.05,349.25,104776,36532902.8,12-JUL-2011,818,INE491H01018,
PNB,EQ,1123.75,1129.9,1105.35,1119.2,1116.5,1128.75,236157,264162318.2,12-JUL-2011,10968,INE160A01014,
PNBGILTS,EQ,25.95,28.25,25.95,26.75,26.6,26.05,1432797,39278021.45,12-JUL-2011,6755,INE859A01011,
PNC,EQ,17.4,17.4,16.3,16.45,16.3,17,1875,31353.2,12-JUL-2011,32,INE392B01011,
POCHIRAJU,EQ,15.9,16,15.6,15.7,15.8,16.15,5870,92687.05,12-JUL-2011,50,INE332G01032,
POLARIND,EQ,6.55,6.55,6.55,6.55,6.55,6.9,3362,22021.1,12-JUL-2011,15,INE057B01010,
POLARIS,EQ,176,176,171,172.8,172.5,177.15,707881,122282958.75,12-JUL-2011,6261,INE763A01023,
POLYPLEX,EQ,192.85,195.85,189.25,190.4,190.55,194.5,60938,11737852.05,12-JUL-2011,1763,INE633B01018,
PONDYOXIDE,EQ,30.5,31,30.25,30.25,30.25,30.95,4240,128737.4,12-JUL-2011,21,INE063E01038,
PONNIERODE,EQ,93.5,93.5,91.5,92.35,92.4,91.85,1985,182443,12-JUL-2011,19,INE838E01017,
POWERGRID,EQ,107.7,109,106.55,108.2,107.85,108,1661866,179795777.25,12-JUL-2011,10852,INE752E01010,
PPAP,EQ,105,108.9,104.25,107.1,108,106.35,824,87475.55,12-JUL-2011,45,INE095I01015,
PRADIP,EQ,90,91.9,88.65,88.8,88.9,91.85,11368,1023857.25,12-JUL-2011,654,INE495J01015,
PRAENG,EQ,10.8,11,10.65,10.8,10.75,11,17507,189445.95,12-JUL-2011,79,INE505C01016,
PRAJIND,EQ,76.35,76.9,72.55,74.05,74,76.85,844101,62856662.55,12-JUL-2011,7690,INE074A01025,
PRAKASH,EQ,68.5,69.25,66.4,67.6,67.5,68.4,109518,7444260.1,12-JUL-2011,1845,INE603A01013,
PRAKASHSTL,EQ,138.1,143,126.95,141.95,142,142.65,6716,942679.55,12-JUL-2011,107,INE696K01016,
PRATIBHA,EQ,53,53.1,51.7,52.4,52.4,53.15,67986,3562882.4,12-JUL-2011,896,INE308H01022,
PRECOT,EQ,144,148.95,139,145.8,142,140.15,1258,182360.45,12-JUL-2011,33,INE283A01014,
PRECWIRE,EQ,125.95,126,122,123.8,123,125.65,1990,246015.3,12-JUL-2011,50,INE372C01011,
PREMIER,EQ,91,91.65,89.25,89.6,90.4,90.8,7688,694396.25,12-JUL-2011,176,INE342A01018,
PRESTIGE,EQ,122,123.8,121.6,122.15,122.25,123.25,47313,5809255.75,12-JUL-2011,698,INE811K01011,
PRETAILDVR,EQ,177,177,172,172.9,173,178.25,1590,278485.55,12-JUL-2011,24,IN9623B01058,
PRICOL,EQ,20,20.3,19.75,20.05,20.3,19.95,26732,532230.65,12-JUL-2011,87,INE605A01026,
PRIMESECU,EQ,22.35,23.2,22.35,22.8,22.95,23.1,4048,91885.35,12-JUL-2011,41,INE032B01021,
PRISMCEM,EQ,45.95,45.95,44.15,44.55,44.4,45,33488,1496818.9,12-JUL-2011,296,INE010A01011,
PRITHVI,EQ,29.05,29.4,28.5,29,28.9,29.2,7169,207295.25,12-JUL-2011,80,INE700C01013,
PROVOGUE,EQ,36.3,36.8,35.5,35.7,35.8,36.8,165410,5965084.95,12-JUL-2011,1129,INE968G01025,
PSB,EQ,99,99.9,98.25,98.8,98.6,98.9,63695,6297839.7,12-JUL-2011,610,INE608A01012,
PSL,EQ,69.3,69.8,68.7,69,69.15,70.1,82267,5676250.3,12-JUL-2011,1198,INE474B01017,
PSUBNKBEES,EQ,402,406,400,403.75,403.75,401.01,366,147464.25,12-JUL-2011,16,INF732E01110,
PTC,EQ,78.8,79.35,76,76.5,76.3,78.8,687620,53341603,12-JUL-2011,6037,INE877F01012,
PTL,EQ,28,29,27.25,28.3,28.3,28.25,9790,280504.6,12-JUL-2011,95,INE034D01031,
PUNJABCHEM,EQ,91.1,91.1,87.15,88.85,88.9,87.5,1611,143124.8,12-JUL-2011,80,INE277B01014,
PUNJLLOYD,EQ,75,75.8,72.75,73.6,73.6,76.15,4607407,341466387.3,12-JUL-2011,25203,INE701B01021,
PURVA,EQ,88.6,89.55,86.35,86.95,87,89.55,11981,1051849.05,12-JUL-2011,532,INE323I01011,
PVP,EQ,8.9,9.1,8.75,8.9,9.1,9,19714,175636.45,12-JUL-2011,111,INE362A01016,
PVR,EQ,107,111,105.5,108.95,109.05,108.65,292930,31916396.4,12-JUL-2011,5164,INE191H01014,
QGOLDHALF,EQ,1090,1090,1079.55,1083.45,1090,1076.5,524,568380.7,12-JUL-2011,103,INF082J01010,
QNIFTY,EQ,597.2,597.2,558.5,559.1,560,566.05,30,16947.8,12-JUL-2011,8,INF082J01028,
QUINTEGRA,EQ,4.1,4.1,3.8,4,4.05,3.95,13391,52901.15,12-JUL-2011,42,INE033B01011,
RADAAN,EQ,2.45,2.5,2.4,2.4,2.4,2.4,6918,16660.35,12-JUL-2011,16,INE874F01027,
RADICO,EQ,127.25,128.75,125.15,126.75,127.5,128.65,20479,2603257.95,12-JUL-2011,283,INE944F01028,
RAINBOWPAP,EQ,64,64,59,59.95,59.6,60.4,42928,2594796.2,12-JUL-2011,207,INE028D01025,
RAINCOM,EQ,35.5,36,34.7,35.45,35.1,35.9,177013,6274408.8,12-JUL-2011,1001,INE855B01025,
RAJESHEXPO,EQ,98,104.2,98,103.65,103.85,101.95,373533,38156641.5,12-JUL-2011,4434,INE343B01030,
RAJOIL,EQ,32.15,32.15,31.3,31.5,31.4,32.1,35876,1140964.3,12-JUL-2011,254,INE294G01018,
RAJPALAYAM,EQ,632.05,641,615,619.65,618,632.05,3598,2262236.45,12-JUL-2011,288,INE296E01026,
RAJRAYON,EQ,11.25,11.7,11.25,11.3,11.3,11.5,6832,78245.35,12-JUL-2011,54,INE533D01016,
RAJSREESUG,EQ,47.75,47.75,47,47.45,47,48.05,4159,196463.4,12-JUL-2011,51,INE562B01019,
RAJTV,EQ,50.1,51,49.65,49.95,49.9,50.85,13844,696971.7,12-JUL-2011,223,INE952H01019,
RAJVIR,EQ,137,162,137,152.05,152.25,154,763,115994.95,12-JUL-2011,52,INE011H01014,
RALLIS,EQ,1499,1530,1495.55,1507.1,1501,1509,10504,15912756.35,12-JUL-2011,1151,INE613A01012,
RAMANEWS,EQ,15.25,15.35,15,15.1,15.1,15.35,9612,145242.55,12-JUL-2011,71,INE278B01020,
RAMCOIND,EQ,40,41.65,40,41.3,41.05,40.75,44419,1819312.5,12-JUL-2011,552,INE614A01028,
RAMCOSYS,EQ,92,92,89.5,90.5,90,92.4,7343,665370.85,12-JUL-2011,127,INE246B01019,
RAMKY,EQ,279,283.55,271,279.25,278,279.4,12115,3329720.4,12-JUL-2011,474,INE874I01013,
RAMSARUP,EQ,15.55,15.7,15.05,15.2,15.2,15.8,24565,377861.85,12-JUL-2011,149,INE005D01015,
RANASUG,EQ,5.8,5.8,5.4,5.4,5.45,5.6,177016,964288.7,12-JUL-2011,235,INE625B01014,
RANBAXY,EQ,546.95,556,540.1,547.05,547,550.9,509601,279383938.7,12-JUL-2011,13355,INE015A01028,
RANEENGINE,EQ,226,226,226,226,226,230,7,1582,12-JUL-2011,3,INE222J01013,
RANEHOLDIN,EQ,241,245,240,243.35,240.6,245,3452,834229.75,12-JUL-2011,34,INE384A01010,
RANKLIN,EQ,15.05,15.2,14.35,14.6,14.35,15.1,10345,149883.1,12-JUL-2011,57,INE619C01015,
RATNAMANI,EQ,112.9,120,109,109.9,109,112.3,2842,314288.95,12-JUL-2011,110,INE703B01027,
RAYMOND,EQ,392.95,394.6,379.1,383.4,382.4,392.95,519488,201225063.5,12-JUL-2011,11480,INE301A01014,
RBL,EQ,115.4,118.9,115.4,116.35,116.35,116.9,252,29549.45,12-JUL-2011,16,INE244J01017,
RBN,EQ,79,82.5,79,80.1,80,79.8,146677,11821149.65,12-JUL-2011,1690,INE445K01018,
RCF,EQ,76.5,78.1,75.8,76.2,76.3,77.1,518746,39936837.3,12-JUL-2011,4634,INE027A01015,
RCOM,EQ,97.6,98.35,94.85,96.8,96.65,98.45,4074625,394310880.75,12-JUL-2011,25642,INE330H01018,
RECLTD,EQ,202.5,205.5,199.85,200.8,200.85,203.8,2355995,476368266.3,12-JUL-2011,19634,INE020B01018,
REDINGTON,EQ,87.75,89.45,86.5,87.1,87.35,88.6,174414,15410692.5,12-JUL-2011,1379,INE891D01026,
REFEX,EQ,23,24.5,22.5,22.65,22.5,23.6,18914,435574.35,12-JUL-2011,140,INE056I01017,
REGENCERAM,BE,6.3,6.3,6.3,6.3,6.3,6.6,1501,9456.3,12-JUL-2011,4,INE277C01012,
REIAGROLTD,EQ,30.15,30.2,28.3,28.9,29.25,29.5,1658534,48291296.5,12-JUL-2011,7874,INE385B01031,
REISIXTEN,EQ,32,32,30.3,30.55,30.3,32.35,10893,336326.7,12-JUL-2011,159,INE849J01021,
RELAXO,EQ,266,279,266,275,275,276,281,77210.6,12-JUL-2011,12,INE131B01021,
RELBANK,EQ,1030,1042,1028,1042,1042,1041.12,24,24775.9,12-JUL-2011,10,INF733I01028,
RELCAPITAL,EQ,581.4,583.9,569.65,574.75,573.8,585.1,641864,370220096.85,12-JUL-2011,15655,INE013A01015,
RELGOLD,EQ,2124,2135,2111.55,2125.7,2123.1,2103.5,8035,17086157.35,12-JUL-2011,710,INF733I01010,
RELGRNIFTY,EQ,546.05,546.05,542.08,544.62,544,550.66,148,80555.13,12-JUL-2011,14,INF205K01DA9,
RELIANCE,EQ,847.5,857.4,845.7,847.75,847.5,853.3,2986757,2537904916.8,12-JUL-2011,84280,INE002A01018,
RELIGARE,EQ,456.3,458,456,456.15,457.1,459.1,1697,774558.55,12-JUL-2011,66,INE621H01010,
RELIGAREGO,EQ,2210.8,2238,2210.8,2233.15,2235,2219.2,866,1933229.6,12-JUL-2011,114,INF205K01361,
RELINFRA,EQ,573.05,578,560,563.5,561.55,581.15,635510,360912220.45,12-JUL-2011,18288,INE036A01016,
RELMEDIA,EQ,126.1,130.65,125,128.5,129.25,127.95,1099246,140983469,12-JUL-2011,12775,INE540B01015,
REMSONSIND,BE,21.9,21.9,21.9,21.9,21.9,23,40,876,12-JUL-2011,2,INE474C01015,
RENUKA,EQ,74,74,69.3,70.65,70.55,74.5,8518149,606565461.6,12-JUL-2011,28910,INE087H01022,
REPRO,EQ,133.25,136,132.15,135.5,135.05,135.7,13193,1773822.25,12-JUL-2011,316,INE461B01014,
RESPONIND,EQ,96.35,97,96.35,96.95,96.95,96.7,19434,1883950,12-JUL-2011,33,INE688D01026,
RESURGERE,EQ,0.45,0.5,0.45,0.5,0.5,0.5,3800782,1815197.25,12-JUL-2011,434,INE774I01023,
REVATHI,EQ,400,400,393,398.35,396.1,397.8,258,102641.15,12-JUL-2011,12,INE617A01013,
RICOAUTO,EQ,15,15.2,14.65,14.8,14.85,15.15,62221,924008.3,12-JUL-2011,444,INE209B01025,
RIIL,EQ,539,542.4,530.55,534.25,533.75,541.7,104137,55817719.8,12-JUL-2011,4052,INE046A01015,
RJL,BE,106.1,110,106.1,108.7,110,109.7,695,75950,12-JUL-2011,7,INE722H01016,
RKDL,EQ,22,23.15,22,22.55,22.5,22.8,14678,333381.35,12-JUL-2011,196,INE722J01012,
RKFORGE,EQ,115,121,115,121,121,120,202,24375,12-JUL-2011,5,INE399G01015,
RMCL,EQ,7.05,7.05,6.75,6.8,6.8,7.15,47140,324027.05,12-JUL-2011,58,INE172H01014,
RML,EQ,137.25,139.5,137.25,138.3,139,139.1,323,44543,12-JUL-2011,7,INE050H01012,
ROHITFERRO,EQ,34.5,34.95,34.3,34.4,34.5,35,33130,1143513.65,12-JUL-2011,249,INE248H01012,
ROHLTD,EQ,63.55,65.3,63.55,64.95,65,65.1,12932,833531.9,12-JUL-2011,253,INE283H01019,
ROLTA,EQ,127,128,124.2,127.45,127.9,128.6,438107,55325756.7,12-JUL-2011,9063,INE293A01013,
ROMAN,EQ,24.6,24.6,23.5,23.75,23.8,24,793,19036.4,12-JUL-2011,15,INE924H01018,
RPGLIFE,EQ,83,83,81.1,81.65,81.7,82.75,1848,151250.7,12-JUL-2011,25,INE105J01010,
RPOWER,EQ,117,118,115.3,115.75,115.5,118.2,896024,104363880.95,12-JUL-2011,11574,INE614G01033,
RPPINFRA,EQ,79.5,80.1,77.25,78.5,78.7,79.95,50327,3976250.1,12-JUL-2011,283,INE324L01013,
RSSOFTWARE,EQ,58.5,60.65,58.5,59.8,59.2,62.3,6804,407500.2,12-JUL-2011,79,INE165B01011,
RSWM,EQ,134,137.7,134,135.8,136,136.15,11645,1585153,12-JUL-2011,307,INE611A01016,
RSYSTEMS,EQ,108,109.3,107,107.6,107.45,108.5,4407,475996.9,12-JUL-2011,105,INE411H01024,
RUBYMILLS,EQ,723,729.95,715.25,729.8,729.9,730.55,183,133291.6,12-JUL-2011,12,INE301D01018,
RUCHINFRA,EQ,19.35,20.2,19.35,19.65,19.6,20.05,6304,123669.95,12-JUL-2011,39,INE413B01023,
RUCHIRA,EQ,10.15,10.45,9.85,10,10,10.55,3410,34349.5,12-JUL-2011,8,INE803H01014,
RUCHISOYA,EQ,97.8,99.2,95.4,98.5,99,96.75,175852,17194298.1,12-JUL-2011,3166,INE619A01027,
RUSHIL,EQ,139.95,162.7,132.2,160.85,162.45,144.6,24108186,3656864904.2,12-JUL-2011,291090,INE573K01017,
SABERORGAN,BE,132,132,130.65,131.4,132,131.95,30532,4019204,12-JUL-2011,180,INE243A01018,
SABTN,EQ,51.05,53,50.5,52.75,52.8,52.55,1353,70632.5,12-JUL-2011,15,INE416A01036,
SADBHAV,EQ,138,144.9,138,141.15,142,142,8963,1270195.3,12-JUL-2011,224,INE226H01026,
SAGCEM,EQ,136.1,137.85,135.1,135.9,135.9,136.3,250,34028.6,12-JUL-2011,7,INE229C01013,
SAHPETRO,EQ,34.25,35.5,34.25,34.7,34.7,35.2,1454,50494.75,12-JUL-2011,37,INE586G01017,
SAIL,EQ,131.75,131.75,129.25,129.85,129.9,131.95,3118063,406362307.15,12-JUL-2011,21867,INE114A01011,
SAKHTISUG,EQ,35.95,35.95,34.8,34.95,35.2,36.05,60255,2117278.6,12-JUL-2011,539,INE623A01011,
SAKSOFT,EQ,62.9,62.9,62,62,62,62.25,803,49896.2,12-JUL-2011,6,INE667G01015,
SAKTHIFIN,BE,13.15,13.15,12.45,13,13,12.6,451,5790.5,12-JUL-2011,3,INE302E01014,
SAKUMA,EQ,14.8,14.8,14.8,14.8,14.8,15,140,2072,12-JUL-2011,1,INE190H01016,
SALONACOT,EQ,23,23,22.05,22.05,22.05,23,500,11317.6,12-JUL-2011,10,INE498E01010,
SALORAINTL,EQ,29.95,30,29.1,29.25,29.25,30.3,499,14757.45,12-JUL-2011,8,INE924A01013,
SALSTEEL,EQ,7.05,7.05,6.75,6.8,6.8,6.9,12607,86222.85,12-JUL-2011,63,INE658G01014,
SAMBHAAV,EQ,1.9,1.9,1.55,1.6,1.65,1.55,4110,7392,12-JUL-2011,11,INE699B01027,
SAMTEL,BE,6.3,6.3,6,6.1,6.2,6.3,24429,148812.8,12-JUL-2011,78,INE381A01016,
SANDESH,EQ,276,278,276,276.75,276.75,270.6,66,18246.55,12-JUL-2011,10,INE583B01015,
SANGAMIND,EQ,39,39.75,37.4,38.2,38.25,39.75,27933,1068954.05,12-JUL-2011,242,INE495C01010,
SANGHIIND,EQ,18.55,18.75,17.85,18.3,18,18.4,3891,71289.25,12-JUL-2011,44,INE999B01013,
SANGHIPOLY,EQ,1.75,1.75,1.65,1.7,1.7,1.65,2284,3934.05,12-JUL-2011,13,INE146A01013,
SANGHVIFOR,EQ,37.85,38.8,37.5,37.7,37.5,39.45,27945,1064707.95,12-JUL-2011,422,INE263L01013,
SANGHVIMOV,EQ,124.4,124.4,118.4,119.3,119,124.45,5355,645653.1,12-JUL-2011,985,INE989A01024,
SANWARIA,EQ,27.1,27.65,26.6,26.6,26.6,28,63945,1707124.4,12-JUL-2011,653,INE890C01046,
SARDAEN,EQ,211.25,214,207,207.85,207.05,214.65,5425,1133105.05,12-JUL-2011,178,INE385C01013,
SAREGAMA,EQ,67.45,67.45,64.3,64.85,64.55,66.25,24959,1628542.8,12-JUL-2011,371,INE979A01017,
SASKEN,EQ,137.75,141.1,136,138.15,138.5,138.95,102654,14184033.75,12-JUL-2011,3573,INE231F01020,
SATHAISPAT,EQ,50,51.5,49.25,50.15,50,51.25,4577,230436.2,12-JUL-2011,38,INE176C01016,
SATYAMCOMP,EQ,88.2,88.25,85.25,85.7,85.45,88.55,4900015,425457563.65,12-JUL-2011,28160,INE275A01028,
SAVERA,EQ,38,39.05,37.7,38.85,37.75,38.95,1862,71454.15,12-JUL-2011,37,INE104E01014,
SB&TINTL,BE,22,22,21.2,21.2,21.3,22.3,44254,939889,12-JUL-2011,49,INE465B01015,
SBBJ,EQ,486,493,483.35,485.5,485.05,491.6,4211,2049728.6,12-JUL-2011,266,INE648A01026,
SBIGETS,EQ,2219.9,2225,2206.25,2212.6,2215.1,2195.45,3098,6861396.7,12-JUL-2011,421,INF200K01099,
SBIN,EQ,2404,2425,2384.35,2400.15,2392.7,2435.1,1395242,3352458379.55,12-JUL-2011,62040,INE062A01012,
SBIN,N1,10100,10105,10100,10100.02,10100.05,10100,23,232310.15,12-JUL-2011,9,INE062A08017,
SBIN,N2,10230,10250,10230,10250,10250,10225,54,552440,12-JUL-2011,4,INE062A08025,
SBIN,N3,10350,10370,10350,10357.87,10360,10353.26,205,2122600.1,12-JUL-2011,22,INE062A08033,
SBIN,N5,10460,10646.95,10460,10639.63,10633.6,10594.92,752,7993787.91,12-JUL-2011,138,INE062A08058,
SBT,EQ,700,709.6,700,703.75,704,709.6,4680,3296999.95,12-JUL-2011,335,INE654A01024,
SCI,EQ,105.35,105.35,102.7,103.6,103.05,105.45,168136,17506980,12-JUL-2011,2249,INE109A01011,
SEAMECLTD,EQ,93.4,94.4,91.5,93.35,93,93.6,40153,3722691.9,12-JUL-2011,120,INE497B01018,
SEINVEST,EQ,15.25,16.2,15.25,15.95,15.9,15.65,204366,3243464.55,12-JUL-2011,871,INE420C01034,
SELAN,EQ,310,334.9,302.45,324.95,324.7,324.1,75364,24554288.5,12-JUL-2011,2350,INE818A01017,
SELMCL,EQ,16.9,17.05,16.5,16.8,16.85,17.15,290262,4883220.1,12-JUL-2011,1066,INE105I01012,
SENTINEL,EQ,14.2,15.8,14.2,15.3,15.3,15.65,2709,41418,12-JUL-2011,15,INE577L01016,
SERVALL,EQ,8.1,8.3,8.1,8.2,8.2,8.3,56133,460219,12-JUL-2011,152,INE431L01016,
SESAGOA,EQ,278.6,284.8,278,280.9,280.4,283.15,1174838,330994072.75,12-JUL-2011,26426,INE205A01025,
SESHAPAPER,EQ,238,239.9,230.3,231.9,231,238.25,178,41482.25,12-JUL-2011,42,INE630A01016,
SEZALGLASS,BE,3.8,3.9,3.65,3.65,3.65,3.8,513112,1948201.5,12-JUL-2011,18,INE955I01028,
SGFL,EQ,5.95,5.95,5.95,5.95,5.95,6.4,28,166.6,12-JUL-2011,2,INE883G01018,
SGJHL,EQ,264.9,265,252.5,255.95,253.5,263.7,167304,43079630.85,12-JUL-2011,2115,INE553K01019,
SGL,EQ,4.75,4.75,4.3,4.4,4.4,4.55,10607,46155.3,12-JUL-2011,11,INE353H01010,
SHAHALLOYS,EQ,12.95,12.95,12.25,12.25,12.25,12.8,237,2929.15,12-JUL-2011,2,INE640C01011,
SHALPAINTS,BE,609.5,609.5,577.5,597.75,607,590.9,287,168942.9,12-JUL-2011,39,INE849C01018,
SHANTIGEAR,EQ,44.55,44.95,43.5,43.9,43.9,44.9,94562,4182016.15,12-JUL-2011,787,INE631A01022,
SHARIABEES,EQ,123,123,119.8,121.55,121.55,124,205,24997,12-JUL-2011,11,INF732E01128,
SHARRESLTD,EQ,48.65,48.65,48.65,48.65,48.65,48,37,1800.05,12-JUL-2011,2,INE559D01011,
SHASUNPHAR,EQ,73,74.7,73,73.6,73.55,74.75,10034,743961.35,12-JUL-2011,131,INE317A01028,
SHILPAMED,EQ,265,265,259,262.05,262.05,269.25,1003,261322.7,12-JUL-2011,53,INE790G01023,
SHILPI,EQ,17.05,17.05,16.2,16.25,16.2,16.9,27803,458122.8,12-JUL-2011,166,INE510K01019,
SHIV-VANI,EQ,219.95,223.9,214,218.45,223.85,220.35,26129,5669892.9,12-JUL-2011,1091,INE756B01017,
SHIVAMAUTO,EQ,113.95,113.95,109.1,111.7,110.55,111,835,93312.75,12-JUL-2011,22,INE637H01016,
SHIVTEX,EQ,29,30.9,28.8,28.9,29,30.1,6970,206343.85,12-JUL-2011,70,INE705C01012,
SHLAKSHMI,EQ,84.9,84.9,83.65,83.8,84,85.45,10916,916638.95,12-JUL-2011,137,INE851B01016,
SHOPERSTOP,EQ,475.05,475.05,465,469.5,471.5,475,17961,8415520.8,12-JUL-2011,834,INE498B01024,
SHPRE,EQ,6.05,6.25,6.05,6.25,6.25,6,284,1719,12-JUL-2011,9,INE318K01017,
SHREEASHTA,EQ,4.95,4.95,4.8,4.8,4.85,4.95,1899568,9187741.95,12-JUL-2011,1753,INE538H01024,
SHREECEM,EQ,1730,1767,1730,1745.3,1731.45,1757.35,1458,2544368.1,12-JUL-2011,286,INE070A01015,
SHREERAMA,EQ,5.45,5.6,5.4,5.6,5.6,5.55,7903,43156.65,12-JUL-2011,14,INE879A01019,
SHRENUJ,EQ,55.05,56,55,55.35,55.35,56,4740,262703.25,12-JUL-2011,45,INE633A01028,
SHREYANIND,EQ,20.4,20.4,20,20,20,19.55,130,2628.8,12-JUL-2011,7,INE231C01019,
SHREYAS,EQ,30,31.5,30,31,31,31,2384,73044.35,12-JUL-2011,37,INE757B01015,
SHRIRAMCIT,EQ,553.75,553.75,545,545,545,550,1301,712367.1,12-JUL-2011,39,INE722A01011,
SHRIRAMEPC,EQ,152.45,156.45,148,150.05,151.5,156.7,4166,636110.15,12-JUL-2011,139,INE964H01014,
SHYAMTEL,EQ,40.55,41.35,40.5,41.35,41.35,40.7,768,31227.3,12-JUL-2011,16,INE635A01023,
SICAGEN,EQ,25.65,25.65,24.3,24.4,24.5,24.65,14303,351026.05,12-JUL-2011,124,INE176J01011,
SICAL,EQ,74.6,76.9,74.6,76.3,76,75.55,75594,5769261.7,12-JUL-2011,497,INE075B01012,
SIEMENS,EQ,919,919,907.2,910.85,909.85,919,122124,111296212.8,12-JUL-2011,4148,INE003A01024,
SIL,BE,33.85,34.15,32.35,32.35,32.35,33.7,6008,198380.6,12-JUL-2011,13,INE173A01025,
SILINV,EQ,88,90.5,88,89.35,88.3,89.65,578,51124.65,12-JUL-2011,10,INE923A01015,
SIMBHSUGAR,EQ,40.2,41,40.1,40.35,40.5,41.1,15694,637506.15,12-JUL-2011,80,INE270C01017,
SIMPLEX,EQ,103,111,100,107.6,107,104.6,2903,306580.3,12-JUL-2011,77,INE898F01018,
SIMPLEXINF,EQ,283,283,273.95,276.05,279.75,282.4,1243,344212.9,12-JUL-2011,68,INE059B01024,
SINTEX,EQ,175.1,177.7,169.75,171.7,171.3,178.65,2123138,365445693.9,12-JUL-2011,22698,INE429C01035,
SIRPAPER,EQ,53,54.05,53,54,54,55.1,1002,54107.05,12-JUL-2011,6,INE202C01010,
SITASHREE,EQ,6.05,6.3,6,6.1,6.1,6.15,15755,97705.85,12-JUL-2011,83,INE686I01011,
SIYSIL,EQ,366.45,368,357.55,362.05,364.8,367.4,19116,6923231.95,12-JUL-2011,246,INE076B01010,
SJVN,EQ,21.75,21.85,21.55,21.75,21.75,21.75,119216,2593980.05,12-JUL-2011,292,INE002L01015,
SKFINDIA,EQ,670,674.4,650.3,664.75,666,671.4,29186,19197934.35,12-JUL-2011,1293,INE640A01023,
SKMEGGPROD,EQ,8.8,9,8.65,8.75,8.75,8.9,9003,78992.45,12-JUL-2011,84,INE411D01015,
SKSMICRO,EQ,564.8,598.05,528,588.15,593.5,543.65,7440797,4267447244.8,12-JUL-2011,214069,INE180K01011,
SKUMARSYNF,EQ,53.5,54.5,51.15,52.2,52.05,54.15,1781873,94001840.4,12-JUL-2011,11099,INE772A01016,
SMARTLINK,EQ,48.3,48.75,46.35,47.3,47.3,48.6,27569,1312001.35,12-JUL-2011,410,INE178C01020,
SMLISUZU,EQ,399,399,382,384.35,382,396.75,1131,440151.3,12-JUL-2011,71,INE294B01019,
SMPL,EQ,9.65,9.9,9.5,9.7,9.75,9.8,44620,435066.3,12-JUL-2011,149,INE215G01021,
SMSPHARMA,EQ,194,197.25,192.05,194,194,196.3,4713,914530.55,12-JUL-2011,52,INE812G01017,
SOBHA,EQ,272.45,283.65,270.5,273.2,273.75,277.75,71615,19635939.1,12-JUL-2011,2888,INE671H01015,
SOFTTECHGR,EQ,5.95,5.95,4.9,4.95,4.95,5.05,5013,27235.35,12-JUL-2011,22,INE863A01013,
SOLARINDS,EQ,632.3,641.9,632.25,641.4,641.9,643.55,1545,988379.5,12-JUL-2011,85,INE343H01011,
SOMANYCERA,EQ,42.8,43.5,42.55,43.1,42.55,43.8,963,41467.45,12-JUL-2011,22,INE355A01028,
SOMATEX,EQ,7.55,7.55,7.2,7.4,7.4,7.55,7162,53025.05,12-JUL-2011,22,INE314C01013,
SONASTEER,EQ,16.2,16.25,15.85,16,16,16.15,36608,586358.25,12-JUL-2011,152,INE643A01035,
SONATSOFTW,EQ,41.5,41.85,39.9,40.4,40.1,41.7,228117,9280830.6,12-JUL-2011,2586,INE269A01021,
SOTL,EQ,605,699.9,605,682.7,672,595.1,461094,308849318.7,12-JUL-2011,23293,INE035D01012,
SOUISPAT,EQ,8.1,8.4,8.05,8.2,8.25,8.15,103038,842865.6,12-JUL-2011,158,INE943B01011,
SOUTHBANK,EQ,24.25,24.9,24.1,24.4,24.4,24.2,4502476,110474987.9,12-JUL-2011,11213,INE683A01023,
SPANCO,EQ,140,140.75,133.5,134.35,137.45,138.25,17573,2365223.1,12-JUL-2011,114,INE360B01026,
SPARC,EQ,96.45,97.9,93.7,94.8,94.95,97.1,181272,17297125,12-JUL-2011,3376,INE232I01014,
SPECTACLE,EQ,16,16.1,15.75,15.9,15.9,16.5,51577,830228.25,12-JUL-2011,28,INE409H01028,
SPENTEX,EQ,14.4,14.4,13.9,14,14,14.3,5025,70744.65,12-JUL-2011,63,INE376C01020,
SPIC,EQ,32.2,32.9,30.5,31.45,31.3,32.55,1361249,43474890,12-JUL-2011,5885,INE147A01011,
SPICEMOBIL,EQ,110,110,106,107.1,107.5,110.05,28517,3058881.15,12-JUL-2011,442,INE927C01020,
SPLIL,EQ,3.7,3.9,3.7,3.75,3.75,3.8,5747,21386.85,12-JUL-2011,15,INE978G01016,
SPMLINFRA,EQ,181.95,181.95,168.6,171.5,173.6,178.15,2847,487409.9,12-JUL-2011,146,INE937A01023,
SPYL,EQ,30.5,31,30.05,30.2,30.05,31.15,34768,1056690.2,12-JUL-2011,56,INE268L01012,
SREINFRA,EQ,42.15,42.9,41.85,42.2,42.1,43.15,333757,14133426.55,12-JUL-2011,2472,INE872A01014,
SRF,EQ,308.75,310,301.45,304.25,303.1,309.2,48042,14691285.1,12-JUL-2011,3432,INE647A01010,
SRGINFOTEC,EQ,0.55,0.55,0.5,0.55,0.55,0.55,25068,13787.3,12-JUL-2011,13,INE376A01032,
SRHHYPOLTD,EQ,42.15,43.5,42.15,43,42.75,42.6,963,41407.25,12-JUL-2011,10,INE917H01012,
SRICHAMUND,EQ,40,40,39,39,39,41,550,21950,12-JUL-2011,5,INE004H01019,
SRTRANSFIN,EQ,650.95,668,639.95,658.45,661.9,656.85,637460,418739735.05,12-JUL-2011,24075,INE721A01013,
SRTRANSFIN,N1,1030,1030,1026,1026.1,1026.1,1030,19,19515,12-JUL-2011,5,INE721A07952,
SRTRANSFIN,N3,1209.79,1209.8,1206,1206,1206,1200,64,77373.86,12-JUL-2011,3,INE721A07978,
SRTRANSFIN,N5,1019.99,1019.99,971.01,1007.1,1007.1,1015,300,296386.6,12-JUL-2011,8,INE721A07994,
SRTRANSFIN,N9,983.5,985,975,976.32,985,986,53,51745.4,12-JUL-2011,8,INE721A07AO1,
SRTRANSFIN,NC,999,999,986.01,986.01,986.01,999,41,40946.01,12-JUL-2011,6,INE721A07AR4,
SRTRANSFIN,ND,995,995,995,995,995,998.86,5,4975,12-JUL-2011,1,INE721A07AQ6,
SRTRANSFIN,NF,1075,1075,1073.75,1073.97,1073.97,1070,202,216899.2,12-JUL-2011,4,INE721A08984,
SSWL,EQ,270,281,270,275.05,275.85,280.55,11934,3300705.45,12-JUL-2011,668,INE802C01017,
STAN,DR,95.05,95.05,92.65,92.85,92.85,95.3,722927,67929421,12-JUL-2011,2918,INE028L21018,
STAR,EQ,350.8,358.6,345,352.3,352.8,352.3,142138,50064857.6,12-JUL-2011,4351,INE939A01011,
STARPAPER,EQ,21.1,22.7,21.1,22.55,22.7,22.35,567,12731.9,12-JUL-2011,11,INE733A01018,
STCINDIA,EQ,210.05,210.05,204.65,206.15,206,210.05,53401,11065804.2,12-JUL-2011,1854,INE655A01013,
STER,EQ,162,165.75,160.4,162.85,162.8,163.65,6775539,1106060302.4,12-JUL-2011,39514,INE268A01049,
STERLINBIO,EQ,88.45,88.9,72,81.3,80.15,88.05,1533992,119862494.15,12-JUL-2011,12527,INE324C01038,
STERTOOLS,EQ,120,122.95,117.1,121.45,121.45,119.65,284,34235.35,12-JUL-2011,13,INE334A01015,
STINDIA,BE,24.7,24.7,24.65,24.65,24.65,24.5,501,12349.7,12-JUL-2011,2,INE090C01019,
STOREONE,BE,20.15,20.15,19.15,19.15,19.15,20.15,6051,116466.5,12-JUL-2011,35,INE034H01016,
STRTECH,EQ,52.9,53.2,51.4,51.95,51.8,53.35,399193,20876392.6,12-JUL-2011,2226,INE089C01029,
SUBEX,EQ,57.1,58.1,55.35,55.55,55.5,58,744584,41872866.1,12-JUL-2011,6040,INE754A01014,
SUBROS,BE,33.5,33.9,32.55,33.65,33.65,33.25,21985,732078.65,12-JUL-2011,153,INE287B01021,
SUDAR,EQ,103.25,105.35,103.2,104,104,104.4,206633,21532281.15,12-JUL-2011,256,INE384L01017,
SUDARSCHEM,EQ,760,770,760,760,760,755.05,914,694650,12-JUL-2011,14,INE659A01015,
SUJANATOW,EQ,31,32.95,31,31.8,31.75,31.2,1153685,37170086.45,12-JUL-2011,4332,INE333I01028,
SUJANAUNI,EQ,5.6,5.7,5.45,5.55,5.65,5.6,31387,173361,12-JUL-2011,86,INE216G01011,
SUMEETINDS,EQ,43,43,38.1,38.85,38.75,39.7,88745,3445511.55,12-JUL-2011,949,INE235C01010,
SUMMITSEC,EQ,84.75,84.75,84.1,84.1,84.1,83.8,109,9232.55,12-JUL-2011,6,INE519C01017,
SUNCLAYTON,EQ,147.3,150.75,146,147.15,147,148.5,1056,156144.5,12-JUL-2011,69,INE105A01027,
SUNDARAM,EQ,42.95,43.4,42.25,42.45,42.5,43.05,70497,3026305.4,12-JUL-2011,125,INE108E01023,
SUNDARMFIN,EQ,554.95,560.9,544,559.2,558,553.5,5742,3171146.05,12-JUL-2011,255,INE660A01013,
SUNDRMBRAK,EQ,174.35,174.35,170,170.15,170.15,171.9,456,78284.25,12-JUL-2011,25,INE073D01013,
SUNDRMFAST,EQ,63.1,63.8,62.15,63.3,63,64,39974,2517224.5,12-JUL-2011,719,INE387A01021,
SUNFLAG,EQ,28.35,28.65,27.55,27.7,27.6,28.45,160094,4516759.9,12-JUL-2011,299,INE947A01014,
SUNILHITEC,EQ,117.1,119.75,112.55,114.4,114,118.65,16179,1863479.9,12-JUL-2011,560,INE305H01010,
SUNPHARMA,EQ,502.1,510.75,495.05,500.1,499.8,504.9,344568,173303962.75,12-JUL-2011,11838,INE044A01036,
SUNTECK,EQ,292.05,294.75,287.95,293.85,289,295.7,5739,1682207.05,12-JUL-2011,158,INE805D01026,
SUNTV,EQ,308,310.7,304.05,306.7,305.35,308.95,975215,299385672.7,12-JUL-2011,17576,INE424H01027,
SUPER,EQ,234.95,235,232.5,232.55,232.5,231.05,180,42147,12-JUL-2011,7,INE091C01017,
SUPERSPIN,EQ,8,8.3,7.9,8.3,8.3,8.15,9875,79277.6,12-JUL-2011,48,INE662A01027,
SUPPETRO,EQ,66,66.9,65.3,66.5,66.5,66.7,13314,880285.65,12-JUL-2011,105,INE663A01017,
SUPRAJIT,EQ,19.45,19.75,19.4,19.5,19.5,19.4,4026,78504.5,12-JUL-2011,22,INE399C01030,
SUPREMEIND,EQ,188.8,192.7,186.75,190.5,191,190.15,34854,6563683.75,12-JUL-2011,515,INE195A01028,
SUPREMEINF,EQ,257,260.85,251.05,252.75,251.65,260,6772,1717534.6,12-JUL-2011,181,INE550H01011,
SURAJDIAMN,EQ,46.6,47.45,46,46.35,46.35,47.6,22442,1046415.3,12-JUL-2011,267,INE664A01015,
SURANAIND,EQ,371,389.3,371,383.35,382,372.15,5550,2131779.9,12-JUL-2011,103,INE659D01019,
SURANAT&P,EQ,15.3,15.95,15.25,15.7,15.75,15.6,5002,77051.75,12-JUL-2011,16,INE130B01023,
SURANAVEL,EQ,40.1,41,39.9,40,40,40.75,10334,416965.3,12-JUL-2011,24,INE272L01014,
SURYAJYOTI,EQ,28.05,28.6,27.75,28,28,28.35,10112,284214.5,12-JUL-2011,90,INE411C01017,
SURYALAXMI,EQ,68,70.85,67.25,69.05,68.85,68.95,5667,392872.35,12-JUL-2011,44,INE713B01026,
SURYAPHARM,EQ,21.1,21.7,20.5,20.85,20.75,21.15,94492,2003748.4,12-JUL-2011,607,INE249G01020,
SURYAROSNI,EQ,82.1,82.35,81.15,81.95,81.65,82,9597,785021.4,12-JUL-2011,215,INE335A01012,
SUTLEJTEX,EQ,194,197.85,188.05,193.75,194,196.25,3348,646960.55,12-JUL-2011,103,INE645H01019,
SUVEN,EQ,19.8,20,18.1,19.6,19.9,20,41936,818026.2,12-JUL-2011,244,INE495B01038,
SUZLON,EQ,50.15,50.4,48.4,49.25,49.05,50.6,13401907,663241733.9,12-JUL-2011,36262,INE040H01021,
SWARAJENG,EQ,449.25,452.6,446,447.45,447.25,452.65,2268,1016727.95,12-JUL-2011,93,INE277A01016,
SYMPHONY,EQ,1248,1269,1170,1247.5,1240.05,1200.8,613,744941.7,12-JUL-2011,71,INE225D01019,
SYNCOM,EQ,21.55,22.2,21.55,21.7,21.65,21.8,11001,239625.75,12-JUL-2011,115,INE602K01014,
SYNDIBANK,EQ,115.15,116.4,114.2,115.15,114.9,116,369945,42627958.2,12-JUL-2011,5751,INE667A01018,
TAINWALCHM,EQ,36,38.65,34.5,38.2,37.5,35.1,239290,9094532.95,12-JUL-2011,1907,INE123C01018,
TAJGVK,EQ,101.3,102.25,100.15,101.55,101.8,101.3,13136,1333120.6,12-JUL-2011,321,INE586B01026,
TAKE,EQ,38.2,39,38,38.8,38.6,38.8,73389,2806310.75,12-JUL-2011,159,INE142I01023,
TALWALKARS,EQ,241.5,242.7,234.5,237.35,237,244.35,93567,22346823.75,12-JUL-2011,2451,INE502K01016,
TANFACIND,EQ,29,31.45,27.45,30.1,31.45,30.75,1477,44690.25,12-JUL-2011,36,INE639B01015,
TANLA,EQ,16.4,16.4,15.5,15.6,15.65,16.05,151761,2384658.35,12-JUL-2011,693,INE483C01032,
TANTIACONS,EQ,66.5,66.95,66,66.05,66.05,66.5,3516,232526.65,12-JUL-2011,48,INE388G01018,
TARAPUR,EQ,19.9,20.1,19.7,19.75,20,19.9,2182,43409.6,12-JUL-2011,32,INE747K01017,
TATACAP,N1,106000.01,106000.01,106000.01,106000.01,106000.01,107000,1,106000.01,12-JUL-2011,1,INE976I07138,
TATACAP,N2,1099.99,1099.99,1099.99,1099.99,1099.99,1091.01,10,10999.9,12-JUL-2011,1,INE976I07146,
TATACAP,N3,1090,1094.97,1090,1091.78,1091.9,1091.98,813,887256.55,12-JUL-2011,44,INE976I07153,
TATACAP,N4,1334,1338,1333.5,1336.54,1338,1328.7,155,206838.88,12-JUL-2011,21,INE976I07161,
TATACHEM,EQ,380.3,385.9,375,377.55,375,383.05,251233,95550130.5,12-JUL-2011,7985,INE092A01019,
TATACOFFEE,EQ,864.75,871.95,852,855.55,855,871.9,189121,162790298.6,12-JUL-2011,8915,INE493A01019,
TATACOFFEE,N1,100.06,100.06,100,100,100,101,549,54906.5,12-JUL-2011,5,INE493A07040,
TATACOMM,EQ,207.9,207.9,199.25,201.45,200.1,208.55,188143,38286969.55,12-JUL-2011,5687,INE151A01013,
TATAELXSI,EQ,245,250.5,241.05,243.05,243,247.25,47990,11737174.8,12-JUL-2011,1662,INE670A01012,
TATAGLOBAL,EQ,105,108,98.25,100.4,100.4,101.45,1059512,106135097.65,12-JUL-2011,9253,INE192A01025,
TATAINVEST,EQ,492,497.4,491,493.15,491.5,496.4,2297,1135286.85,12-JUL-2011,207,INE672A01018,
TATAMETALI,EQ,100,104.95,100,100.45,100.2,100.75,40246,4099621.6,12-JUL-2011,841,INE056C01010,
TATAMOTORS,EQ,1036,1042.5,1005,1024.9,1025.5,1052.85,2094402,2141207012.1,12-JUL-2011,66216,INE155A01014,
TATAMTRDVR,EQ,589.95,594.4,562.9,581.5,583.45,594.95,683006,395897151.5,12-JUL-2011,13206,IN9155A01012,
TATAPOWER,EQ,1278,1308,1278,1289.15,1288,1294.35,142267,184101782.7,12-JUL-2011,4865,INE245A01013,
TATASPONGE,EQ,342,345.7,334.6,335.35,335.05,342.4,20395,6888543.2,12-JUL-2011,741,INE674A01014,
TATASTEEL,EQ,580.65,585,570,572,570.8,587.8,4431951,2554114301.45,12-JUL-2011,99542,INE081A01012,
TCI,EQ,93.65,93.95,90.4,91.05,91,93.65,12066,1107548.55,12-JUL-2011,298,INE688A01022,
TCIDEVELOP,EQ,190,199,183.5,189.7,189.7,186.7,70,13093.95,12-JUL-2011,16,INE662L01016,
TCIFINANCE,EQ,51.3,53.85,51.3,52.6,51.8,53.75,5361,283979.05,12-JUL-2011,81,INE911B01018,
TCS,EQ,1135.7,1148.8,1112.1,1145.35,1143,1156.65,2039702,2323310180.95,12-JUL-2011,43525,INE467B01029,
TECHM,EQ,735.05,752.9,731,742.25,740.75,745.25,389526,289250016.45,12-JUL-2011,13376,INE669C01028,
TECHNO,EQ,225,231.8,225,229.25,230.8,230.55,5640,1288945.95,12-JUL-2011,176,INE286K01024,
TECHNOFAB,EQ,131.9,137.2,130.5,136.4,135.05,131.6,12318,1651564.5,12-JUL-2011,366,INE509K01011,
TECPRO,EQ,275,278.5,273,274.6,275.2,279.7,14534,4012512.55,12-JUL-2011,331,INE904H01010,
TELEDATAIT,EQ,0.4,0.4,0.35,0.4,0.4,0.4,365493,133988.25,12-JUL-2011,122,INE391I01018,
TELEMARINE,BE,1.1,1.1,1.1,1.1,1.1,1.15,53177,58494.7,12-JUL-2011,30,INE473I01014,
TEXMACOLTD,EQ,32.5,32.95,31.2,32.75,32.75,32.65,118119,3840643.75,12-JUL-2011,1159,INE435C01024,
TEXMOPIPES,EQ,34.5,39.35,34.5,37.25,37,36.5,140232,5335242.75,12-JUL-2011,1909,INE141K01013,
TEXRAIL,EQ,89.3,92.65,89.05,92.05,92.5,91.1,16169,1471408.7,12-JUL-2011,392,INE621L01012,
TFCILTD,EQ,29,30,27.5,29.55,29.8,29.25,142157,4112317.85,12-JUL-2011,483,INE305A01015,
TFL,EQ,15,15.35,14.5,14.7,14.85,15.45,158,2324.65,12-JUL-2011,14,INE804H01012,
THANGAMAYL,EQ,154.85,154.9,151.1,153.6,154,154.65,24457,3755795,12-JUL-2011,642,INE085J01014,
THEMISMED,EQ,157.9,158,151.5,152,152,154.45,596,93591.15,12-JUL-2011,19,INE083B01016,
THERMAX,EQ,615,619.8,604,610,610,615.55,198144,121112601.95,12-JUL-2011,3963,INE152A01029,
THINKSOFT,EQ,49.95,49.95,48.55,48.9,49.1,49.5,23046,1132510.3,12-JUL-2011,370,INE201K01015,
THOMASCOOK,EQ,49.75,50.75,45.1,48.45,48.55,50.15,1412360,66615383.25,12-JUL-2011,10213,INE332A01027,
TI,EQ,43.9,43.9,42.5,43.05,43,43.95,151364,6518508.65,12-JUL-2011,2283,INE133E01013,
TIDEWATER,EQ,7400,7474,7265.05,7312.6,7350,7463.85,2006,14751821.25,12-JUL-2011,706,INE484C01014,
TIIL,EQ,53.5,59.2,53.5,56.6,55.7,53.7,352979,20295220.65,12-JUL-2011,5010,INE545H01011,
TIL,EQ,447.45,452,438.1,442.8,441.2,447.45,1265,561947.2,12-JUL-2011,114,INE806C01018,
TIMBOR,EQ,46.9,47,42.85,42.9,42.95,45.1,781709,34665259.1,12-JUL-2011,5705,INE346L01016,
TIMESGTY,EQ,33.5,34,32.15,32.15,32.15,32.4,1259,41913.3,12-JUL-2011,20,INE289C01025,
TIMETECHNO,EQ,70.2,71.2,68.05,69.25,68.95,69.7,83477,5844964.15,12-JUL-2011,1220,INE508G01029,
TIMKEN,EQ,237.7,260.8,232.8,253.2,249.65,236.05,4141331,1045514600.25,12-JUL-2011,73822,INE325A01013,
TINPLATE,EQ,59,61.8,58.6,59.75,59.6,59.1,217283,13176937.35,12-JUL-2011,2731,INE422C01014,
TIPSINDLTD,EQ,27.75,28,27.4,27.5,27.5,27.7,4878,134466.05,12-JUL-2011,43,INE716B01011,
TIRUMALCHM,EQ,96.95,99.85,96.85,99.4,99.5,97.8,8227,809882.3,12-JUL-2011,56,INE338A01016,
TITAN,EQ,228,230.2,220.15,222.35,222.6,229,4322260,971712176.5,12-JUL-2011,53683,INE280A01028,
TNPETRO,EQ,17.4,17.45,16.45,16.75,16.7,17.05,34957,587296.3,12-JUL-2011,157,INE148A01019,
TNPL,EQ,116,116.3,115,115.45,115.3,116.2,21386,2470786.15,12-JUL-2011,737,INE107A01015,
TNTELE,BE,5.6,5.85,5.5,5.85,5.85,5.75,800,4585,12-JUL-2011,4,INE141D01018,
TODAYS,EQ,7,7.35,6.75,7.1,7.1,7.1,3794,27153.55,12-JUL-2011,34,INE944B01019,
TOKYOPLAST,EQ,15.1,15.65,14.85,15.65,15.65,14.2,4310,66085.5,12-JUL-2011,34,INE932C01012,
TORNTPHARM,EQ,665,673,647.1,654.7,657.4,665,101398,66892297.3,12-JUL-2011,3311,INE685A01028,
TORNTPOWER,EQ,244.25,247.35,238,241.95,242.4,246.75,31993,7754806.7,12-JUL-2011,1124,INE813H01021,
TRENT,EQ,1160,1222,1160,1209.1,1205,1190.5,11456,13679470.3,12-JUL-2011,1162,INE849A01012,
TRENT,Q1,1175,1180,1140.05,1180,1180,1160,60,69721.15,12-JUL-2011,5,INE849A03018,
TRENT,Q2,1120,1120,1080,1080,1080,1120,30,33000,12-JUL-2011,6,INE849A03026,
TRF,EQ,418.5,422.9,406.4,411.1,411,418.7,106192,44054227,12-JUL-2011,3891,INE391D01019,
TRICOM,EQ,15,15,14.65,14.9,14.95,14.85,6291,93602.65,12-JUL-2011,36,INE771B01032,
TRIDENT,EQ,14.25,14.25,13.45,13.55,13.7,14.1,166813,2287550.9,12-JUL-2011,348,INE064C01014,
TRIGYN,EQ,20.4,20.4,18.55,18.75,18.65,19.65,66402,1288286.75,12-JUL-2011,405,INE948A01012,
TRIL,EQ,259,259,248.55,250.75,251.7,251.75,3711,934327.2,12-JUL-2011,181,INE763I01018,
TRIVENI,EQ,36.6,36.8,35.4,36.15,36.2,37.05,410061,14857276.45,12-JUL-2011,3026,INE256C01024,
TTKHEALTH,EQ,415,415.95,408,409.35,408,411.05,4750,1950968.15,12-JUL-2011,233,INE910C01018,
TTKPRESTIG,EQ,2751,2785,2689.05,2717.6,2710,2745.4,96976,264622107.05,12-JUL-2011,8643,INE690A01010,
TTL,EQ,28.2,29,28.2,28.5,28.5,29,13256,377793.9,12-JUL-2011,98,INE592B01016,
TTML,EQ,20.6,20.7,19.9,20.55,20.5,20.65,3464661,70650864.6,12-JUL-2011,6681,INE517B01013,
TUBEINVEST,EQ,150.55,153,150,151.65,151.5,153.75,126412,19143287.4,12-JUL-2011,1665,INE149A01025,
TULIP,EQ,160,160,154.05,156.7,155,159.8,211942,33422685.1,12-JUL-2011,13279,INE122H01027,
TULSI,EQ,16.15,16.3,15.55,15.85,15.8,16.25,121810,1940907,12-JUL-2011,695,INE474I01012,
TULSYAN,EQ,48.25,48.3,44.15,47.4,44.6,44.85,342,15819.55,12-JUL-2011,10,INE463D01016,
TVSELECT,EQ,23.6,23.6,22.85,23.55,23.55,23.55,695,16335.25,12-JUL-2011,26,INE236G01019,
TVSMOTOR,EQ,50.1,51.8,49.95,51.15,51.55,52.1,1303411,66636911.55,12-JUL-2011,6346,INE494B01023,
TVSSRICHAK,EQ,336.95,345.2,330.2,337.25,344.7,337.6,861,291660.3,12-JUL-2011,106,INE421C01016,
TVTODAY,EQ,65.3,65.7,63.2,63.75,63.55,65.55,38745,2491981.4,12-JUL-2011,561,INE038F01029,
TWILITAKA,EQ,54.2,54.5,52.15,53,52.75,53.8,15185,807851.2,12-JUL-2011,180,INE783B01029,
TWL,EQ,403.05,413.9,402.55,412.25,413.9,408.8,19957,8184989.45,12-JUL-2011,511,INE615H01012,
UBENGG,EQ,84.6,85.25,82.2,83.05,82.75,84.85,30202,2520098.8,12-JUL-2011,581,INE328C01013,
UBHOLDINGS,EQ,153.05,153.5,146,149.6,149.7,153.6,97949,14681828.55,12-JUL-2011,1831,INE696A01025,
UBL,EQ,481.1,510,472.05,501.65,499.4,496.75,266907,132266350.2,12-JUL-2011,9553,INE686F01025,
UCALFUEL,EQ,86.3,89.25,86.3,88,88.5,89.45,55404,4885429.4,12-JUL-2011,827,INE139B01016,
UCOBANK,EQ,90.1,91.05,86.85,88.85,88.4,89.8,1182980,105010505.4,12-JUL-2011,12444,INE691A01018,
UFLEX,EQ,209.25,213.5,207.5,210.5,209.8,211.3,456366,96181418.7,12-JUL-2011,10175,INE516A01017,
UGARSUGAR,EQ,15.35,15.9,15.25,15.45,15.25,15.85,4560,70407.25,12-JUL-2011,32,INE071E01023,
ULTRACEMCO,EQ,980,983,966,977.8,980,978.55,29145,28495892.25,12-JUL-2011,1469,INE481G01011,
UMESLTD,EQ,23.05,23.6,23,23.3,23.3,23.45,1552,35999.9,12-JUL-2011,13,INE240C01028,
UNICHEMLAB,EQ,160.55,164.9,158.75,159.4,159,163.5,7971,1285826.25,12-JUL-2011,409,INE351A01035,
UNIENTER,EQ,26.5,26.5,25.1,25.65,25.65,25.65,8099,207551.35,12-JUL-2011,39,INE037A01022,
UNIONBANK,EQ,297.85,298.8,293.25,296.7,296,298.25,564623,167287590.7,12-JUL-2011,4282,INE692A01016,
UNIPHOS,EQ,153.2,156.2,149.4,150.7,151.75,155.7,1029919,156947423,12-JUL-2011,14956,INE628A01036,
UNIPLY,EQ,13.75,15.5,13.75,13.75,13.75,13.8,8699,120816.15,12-JUL-2011,31,INE950G01015,
UNITECH,EQ,34.4,34.4,32.95,33.15,33.05,34.4,22509568,751998662.05,12-JUL-2011,53388,INE694A01020,
UNITEDBNK,EQ,96.05,97,95.25,96.4,96.3,97,500214,48371693.8,12-JUL-2011,749,INE695A01019,
UNITEDTEA,EQ,119.15,130.95,119.15,127.55,128,124.7,2674,334197.4,12-JUL-2011,43,INE458F01011,
UNITY,EQ,61.85,63.8,60.45,61.9,63.8,62.05,38216,2358191.35,12-JUL-2011,688,INE466H01028,
UNIVCABLES,EQ,61,61,59.55,60.9,60.9,60.2,2258,135884.65,12-JUL-2011,37,INE279A01012,
UPERGANGES,EQ,56.7,56.7,53.75,56,56.45,55.95,411,22882.65,12-JUL-2011,26,INE018B01012,
USHAMART,EQ,52.5,54.85,51.05,52,52,52.85,435438,22698173.7,12-JUL-2011,1048,INE228A01035,
USHERAGRO,EQ,123.25,129.95,122.75,128.4,128,122.95,851397,108195176.3,12-JUL-2011,4807,INE235G01011,
UTTAMSTL,EQ,104.6,105.9,103.35,104.1,104.45,105.5,26977,2816994.75,12-JUL-2011,663,INE699A01011,
UTTAMSUGAR,EQ,40.4,40.4,38.05,38.15,38.05,39.85,7493,289188.5,12-JUL-2011,96,INE786F01031,
UTVSOF,EQ,799.8,818.7,795,800.05,799.5,801.15,237296,191372710.4,12-JUL-2011,7026,INE507B01022,
VADILALIND,EQ,162.9,163.8,157.1,159.85,160,162.85,4688,751342.15,12-JUL-2011,112,INE694D01016,
VAIBHAVGEM,EQ,44.5,46.5,44.2,45.45,45.95,44.65,10499,478949.25,12-JUL-2011,129,INE884A01019,
VAKRANSOFT,EQ,377.05,384.7,375.4,380.5,384,382.6,3082,1175010.5,12-JUL-2011,167,INE051B01013,
VALECHAENG,EQ,95.05,97.25,94.25,95,95.25,95.6,24230,2317742,12-JUL-2011,424,INE624C01015,
VALUEIND,EQ,19.75,19.75,19.35,19.35,19.35,19.6,4094,79529.2,12-JUL-2011,26,INE352A01017,
VARDHACRLC,EQ,10.25,10.25,10.15,10.15,10.15,10.15,58412,594746.9,12-JUL-2011,60,INE116G01013,
VARDMNPOLY,EQ,94.8,98,93.95,96.8,97,95.9,101578,9725621.85,12-JUL-2011,691,INE835A01011,
VARUN,EQ,204,206,199,201.5,201.05,206.25,66966,13475916.65,12-JUL-2011,1459,INE032G01012,
VARUNSHIP,EQ,24.05,24.2,23.85,23.95,23.9,24.2,41160,987399.3,12-JUL-2011,333,INE702A01013,
VASCONEQ,EQ,75.85,76.5,73.05,73.9,73.35,75.8,6283,469397.15,12-JUL-2011,113,INE893I01013,
VENKEYS,EQ,602,606,576.35,582.55,584,611.3,48739,28689262.5,12-JUL-2011,1991,INE398A01010,
VENUSREM,EQ,192.85,192.9,187,187.75,187,189.2,6452,1218815.7,12-JUL-2011,192,INE411B01019,
VESUVIUS,EQ,399,402,388.1,392.5,390,399.55,2236,886322.05,12-JUL-2011,89,INE386A01015,
VGUARD,EQ,230,230,219.7,221.95,222,228.4,104223,23234124.05,12-JUL-2011,3068,INE951I01019,
VHL,EQ,460,467.5,460,467.5,467.5,465,221,102217.5,12-JUL-2011,19,INE701A01023,
VICEROY,EQ,30,31.2,29.1,30.5,31,30,23646,711653.35,12-JUL-2011,210,INE048C01017,
VIDEOIND,EQ,192,196,190.3,191.3,192,194.9,170001,32794034.75,12-JUL-2011,2458,INE703A01011,
VIJAYABANK,EQ,67.5,67.85,66.3,66.9,66.9,67.85,1247461,83658471.05,12-JUL-2011,9051,INE705A01016,
VIJSHAN,EQ,20,20.05,18.2,18.7,18.2,20.15,6492,124632.3,12-JUL-2011,38,INE806F01011,
VIKASHMET,EQ,12,12.3,11.6,12,12.05,12,367773,4360668.15,12-JUL-2011,910,INE158H01013,
VIMTALABS,BE,26,27.05,25.75,27,27.05,25.75,42687,1135145.95,12-JUL-2011,213,INE579C01029,
VINATIORGA,EQ,71.55,72,71.3,71.4,71.3,72.5,4280,306307.65,12-JUL-2011,122,INE410B01029,
VINDHYATEL,EQ,168.5,170.8,168,169,169,172,2732,459397,12-JUL-2011,23,INE707A01012,
VINYLINDIA,EQ,12.15,13,10,12.8,12.8,12.95,34914,438263,12-JUL-2011,157,INE250B01029,
VIPIND,EQ,855,873,840.8,846.35,846.05,856.35,809856,694019642.75,12-JUL-2011,29852,INE054A01019,
VIPUL,EQ,11,11.9,11,11.45,11.5,11.3,921,10617.7,12-JUL-2011,13,INE946H01037,
VISAKAIND,EQ,105,105,101,101.45,101,104.45,9523,976482.25,12-JUL-2011,197,INE392A01013,
VISASTEEL,EQ,58.5,59.25,58.4,59.15,59.25,59,27631,1627660.6,12-JUL-2011,242,INE286H01012,
VISESHINFO,EQ,8.15,8.95,8.15,8.65,8.65,8.8,1353,11753.75,12-JUL-2011,7,INE861A01017,
VISHALRET,EQ,33.6,34.25,32.65,33.25,33.4,34,51080,1704453.15,12-JUL-2011,484,INE945H01013,
VISUINTL,EQ,2.9,3,2.8,2.8,2.8,3,17205,49495.65,12-JUL-2011,29,INE965A01016,
VIVIMEDLAB,EQ,282,284.85,279.1,280.55,281.85,283.95,26910,7575183.75,12-JUL-2011,734,INE526G01013,
VLSFINANCE,EQ,14,14.55,14,14.1,14.2,14.35,7679,108912.25,12-JUL-2011,57,INE709A01018,
VOLTAMP,EQ,513,519,511.5,514.45,516.4,516.3,15724,8096111.25,12-JUL-2011,899,INE540H01012,
VOLTAS,EQ,161.55,161.55,156.25,157.3,156.95,161.55,653841,103435253.35,12-JUL-2011,9875,INE226A01021,
VSTIND,EQ,1012,1033,1000,1017.3,1016,1022.6,9518,9668396.6,12-JUL-2011,609,INE710A01016,
VSTTILLERS,EQ,550,550,530,545.8,549.5,553.65,3917,2112867.6,12-JUL-2011,130,INE764D01017,
VTL,EQ,222,229,215,220.75,221.45,224.65,5561,1219126.15,12-JUL-2011,230,INE825A01012,
VTXIND,EQ,16.8,16.8,16.8,16.8,16.8,17,150,2520,12-JUL-2011,3,INE119G01025,
WABAG,EQ,1274.9,1284,1267,1282.05,1283,1278.45,344,439895.4,12-JUL-2011,52,INE956G01020,
WABCO-TVS,EQ,1155,1184.8,1136.15,1167.5,1173,1151.65,1773,2072360.25,12-JUL-2011,155,INE342J01019,
WALCHANNAG,EQ,123.05,124.8,120.9,121.85,122.45,125.35,38519,4724354.45,12-JUL-2011,1322,INE711A01022,
WANBURY,EQ,30.85,30.85,29.75,30,30,30.35,4656,140406.95,12-JUL-2011,56,INE107F01022,
WEBELSOLAR,EQ,62.95,66,58.8,63.75,65.75,61.65,9507,584424.25,12-JUL-2011,190,INE855C01015,
WEIZFOREX,EQ,74.85,81.8,70,81.8,81.8,68.15,28656,2291919.5,12-JUL-2011,257,INE726L01019,
WEIZMANIND,EQ,11.95,12.7,11.75,12.2,12.5,12.2,10248,126299.95,12-JUL-2011,38,INE080A01014,
WELCORP,EQ,166,166,162.35,163.45,163.7,167.15,332453,54467245.55,12-JUL-2011,5156,INE191B01025,
WELINV,EQ,62.7,69.4,62.7,68.95,68.95,64.1,167,11446.4,12-JUL-2011,18,INE389K01018,
WELPROJ,EQ,65.1,67.95,64,65.5,65.3,65.85,44934,2960051.8,12-JUL-2011,657,INE625G01013,
WELSPUNIND,EQ,42.5,42.6,40.4,42.05,42.25,42.5,21690,912411.05,12-JUL-2011,293,INE192B01023,
WENDT,EQ,1472.25,1499.95,1472.25,1483.95,1476.5,1481,638,945733.15,12-JUL-2011,35,INE274C01019,
WHEELS,EQ,271.95,273.9,268,273.2,273.9,268,602,163958.25,12-JUL-2011,22,INE715A01015,
WHIRLPOOL,EQ,257.2,263.55,249.55,251.6,250.3,264.4,54819,13981231.75,12-JUL-2011,3757,INE716A01013,
WILLAMAGOR,EQ,50.15,50.15,49,49,49,49.2,3276,163009.9,12-JUL-2011,31,INE210A01017,
WINSOMYARN,EQ,3.6,3.75,3.4,3.45,3.55,3.55,7198,24928.5,12-JUL-2011,14,INE784B01027,
WIPRO,EQ,412.5,417.65,407.6,414.6,413,420.9,1696181,697485224.25,12-JUL-2011,23307,INE075A01022,
WOCKPHARMA,EQ,390,429.45,386.6,418,417.1,394.5,1739577,722341614.6,12-JUL-2011,44940,INE049B01025,
WSI,EQ,18.15,18.8,17.65,17.9,17.9,18.45,2031,36793.5,12-JUL-2011,26,INE100D01014,
WSTCSTPAPR,EQ,85,85.85,84.05,84.8,84.15,85,18956,1606889.7,12-JUL-2011,253,INE976A01021,
WWIL,EQ,8.8,8.8,8.4,8.65,8.7,8.85,887868,7647785.05,12-JUL-2011,890,INE965H01011,
WYETH,EQ,965,970,953.1,955.55,957,973.05,1221,1169954.05,12-JUL-2011,76,INE378A01012,
XLENERGY,EQ,9.4,9.4,8.65,8.8,8.7,9.1,32101,287296.55,12-JUL-2011,148,INE183H01011,
XPROINDIA,EQ,52.05,52.5,51,51.25,51,52.45,5058,260914.5,12-JUL-2011,92,INE445C01015,
YESBANK,EQ,317.9,319.45,311.2,314.75,314.4,321.35,1599864,504769623.9,12-JUL-2011,17719,INE528G01019,
ZANDUREALT,EQ,2065.1,2130,2020,2033,2035,2104,2645,5461046.2,12-JUL-2011,603,INE719A01017,
ZEEL,EQ,127.5,128.4,123.85,125.85,127,128.7,2166127,272959824.75,12-JUL-2011,21580,INE256A01028,
ZEELEARN,EQ,21.2,21.2,20.2,20.55,20.55,21.4,501067,10361239.7,12-JUL-2011,1679,INE565L01011,
ZEENEWS,EQ,11.95,13.1,11.85,12.8,12.85,12,2632992,32974082.25,12-JUL-2011,3933,INE966H01019,
ZENITHBIR,EQ,6.65,6.7,6.5,6.5,6.55,6.75,381579,2497600.85,12-JUL-2011,403,INE318D01020,
ZENITHCOMP,EQ,18.5,18.6,17.85,18.35,18.1,18.8,11035,201850.7,12-JUL-2011,97,INE598B01013,
ZENITHINFO,EQ,209.7,209.7,204.1,204.1,204.1,207.2,600,124140,12-JUL-2011,2,INE899A01017,
ZENSARTECH,EQ,155.7,160,155.65,157.15,157,159.8,9354,1475447.6,12-JUL-2011,180,INE520A01019,
ZICOM,EQ,39.1,39.8,38.6,38.8,38.75,39.5,12011,469798.6,12-JUL-2011,169,INE871B01014,
ZODIACLOTH,EQ,369.95,374.95,366,370,371.5,366.3,1071,395623.65,12-JUL-2011,49,INE206B01013,
ZODJRDMKJ,EQ,23.75,23.75,23.75,23.75,23.75,23.05,10,237.5,12-JUL-2011,1,INE077B01018,
ZUARIAGRO,EQ,670.95,704.9,670.95,675.6,675,680.95,33589,23227701.3,12-JUL-2011,1664,INE217A01012,
ZYDUSWELL,EQ,698,727,698,710.85,710.1,714.3,31701,22725095.6,12-JUL-2011,1658,INE768C01010,
ZYLOG,EQ,402.95,404,392.3,394.45,393.55,403.4,33753,13479800.35,12-JUL-2011,1042,INE225I01018,
