SYMBOL,SERIES,OPEN,HIGH,LOW,CLOSE,LAST,PREVCLOSE,TOTTRDQTY,TOTTRDVAL,TIMESTAMP,
20THCENFIN,EQ,33.15,33.95,32.7,33.6,0.0,33.15,1000,32907.5,23-JAN-1996,
ABANLLOYD,EQ,90,90,89,89,0.0,91,200,17900,23-JAN-1996,
ABB,EQ,555.55,558.9,551.05,553.8,0.0,555.55,2600,1442127.5,23-JAN-1996,
ABGHEAVY,EQ,35,35,33.75,33.75,0.0,36,1000,34675,23-JAN-1996,
ABSIND,EQ,71.25,69.75,69,69.5,0.0,71.25,500,34687.5,23-JAN-1996,
ACC,EQ,2773.3,2790,2716,2736.65,0.0,2773.3,32165,88583111.75,23-JAN-1996,
ADITYASPIN,EQ,5.25,5.75,5.15,5.15,0.0,5.2,1800,9590,23-JAN-1996,
ADVANIORLI,EQ,143,147,143.55,145,0.0,143,1100,159980,23-JAN-1996,
AEC,EQ,28,28.5,28,28.5,0.0,28,300,8500,23-JAN-1996,
AEGISCHEM,EQ,29.5,30.5,29,29.3,0.0,29.5,2950,87747.5,23-JAN-1996,
AGRODUTCH,EQ,8,8,8,8,0.0,8,1000,8000,23-JAN-1996,
AHMEDELEC,EQ,92.9,92,86,87.65,0.0,92.9,11800,1054427.5,23-JAN-1996,
AHMEDFORGE,EQ,75.5,75.5,75.5,75.5,0.0,75.5,1900,143450,23-JAN-1996,
AIMCOPEST,EQ,20,20.25,20,20.25,0.0,20.2,200,4025,23-JAN-1996,
AKAIMPEX,EQ,21.5,21.75,21.5,21.75,0.0,22,200,4325,23-JAN-1996,
AKARLAMIN,EQ,14.5,14.8,14.3,14.65,0.0,15.25,2100,30565,23-JAN-1996,
AKGACOUST,EQ,26,26.75,26,26.75,0.0,26,200,5275,23-JAN-1996,
ALFALAVAL,EQ,160,162,154,154,0.0,160,650,103820,23-JAN-1996,
ALMBICHEM,EQ,1100,1100,1031,1031,0.0,1145,10,10655,23-JAN-1996,
ALPHADRUG,EQ,8.05,8.35,8.15,8.15,0.0,8.05,2000,16360,23-JAN-1996,
ALPICFIN,EQ,102.95,103.75,101.55,102.4,0.0,102.95,1900,195075,23-JAN-1996,
ALPINEIND,EQ,35.95,36.5,35,35.05,0.0,35.95,2350,82800,23-JAN-1996,
ALSAMARINE,EQ,18.4,18.4,17.25,17.3,0.0,18.4,400,7035,23-JAN-1996,
ALTOS,EQ,66.35,68.3,66.55,66.9,0.0,66.35,3000,202795,23-JAN-1996,
AMARAJABAT,EQ,42.35,43.5,42,42.85,0.0,42.35,8800,378425,23-JAN-1996,
AMBASARABH,EQ,20.25,20.4,19.7,20,0.0,20.25,59150,1179727.5,23-JAN-1996,
AMERICADRY,EQ,28.55,30.35,28.55,29.3,0.0,29.2,1000,29520,23-JAN-1996,
AMFORGEIND,EQ,65,65,65,65,0.0,62,300,19500,23-JAN-1996,
AMRUTIND,EQ,21.95,21.5,21,21.35,0.0,21.95,3200,68020,23-JAN-1996,
AMTEKAUTO,EQ,68.95,70,68.95,70,0.0,70,1400,97255,23-JAN-1996,
ANAGRAMFIN,EQ,86,86,82.5,82.5,0.0,84,650,54062.5,23-JAN-1996,
ANAMALFIN,EQ,20,20,19.7,19.7,0.0,19.7,800,15945,23-JAN-1996,
ANDHRAPET,EQ,10,10.5,9.9,10,0.0,10,3500,35080,23-JAN-1996,
ANDRAVALLY,EQ,84.95,85.5,83.25,83.55,0.0,84.95,3050,256372.5,23-JAN-1996,
ANSALHOUS,EQ,16.5,16.55,16.05,16.05,0.0,16.3,1200,19620,23-JAN-1996,
ANSALPROP,EQ,48.05,46.75,45.15,45.6,0.0,48.05,700,32210,23-JAN-1996,
APOLLOHOSP,EQ,33.8,33,30.5,32.5,0.0,33.8,3500,113795,23-JAN-1996,
APOLLOTUBE,EQ,10.95,11,10.25,10.25,0.0,10.95,900,9595,23-JAN-1996,
APOLLOTYRE,EQ,130.1,132.25,129.5,131.55,0.0,130.1,7250,947905,23-JAN-1996,
APPAPER,EQ,1900,1900,1900,1900,0.0,2250,5,9500,23-JAN-1996,
APPLECREDT,EQ,58.2,59,58.2,58.3,0.0,60,1300,75970,23-JAN-1996,
APPLEIND,EQ,31.25,31,30,30.35,0.0,31.25,4800,147040,23-JAN-1996,
ARAVALISEC,EQ,11.5,11.6,11.5,11.6,0.0,11.5,1900,21920,23-JAN-1996,
ARIHANTCOT,EQ,5.75,5.75,5.3,5.3,0.0,5.65,600,3245,23-JAN-1996,
ARIHANTCRE,EQ,28.5,28.5,28.5,28.5,0.0,27.65,600,17100,23-JAN-1996,
ARIHANTRED,EQ,4,4,4,4,0.0,4,1000,4000,23-JAN-1996,
ARUNASUGAR,EQ,18.5,19,18.85,18.85,0.0,18.5,2400,45510,23-JAN-1996,
ARVINDMILL,EQ,101.2,100.1,98,98.5,0.0,101.2,12500,1231150,23-JAN-1996,
ARVINDPOLY,EQ,16,16,15.25,15.7,0.0,16.15,2200,34575,23-JAN-1996,
ARYAFINFAB,EQ,12.1,12.9,12.1,12.35,0.0,12.8,800,9915,23-JAN-1996,
ASHAPURMIN,EQ,86.25,86.25,85.5,85.5,0.0,90,300,25780,23-JAN-1996,
ASHIMASYN,EQ,45,45,44,44.5,0.0,46,900,40250,23-JAN-1996,
ASHKLEYFIN,EQ,76,76.75,76,76.35,0.0,76,3600,274635,23-JAN-1996,
ASHOKLEY,EQ,105,105.75,102,104.25,0.0,105,3650,380400,23-JAN-1996,
ASIANCABLE,EQ,21.7,21.7,21.7,21.7,0.0,22,50,1085,23-JAN-1996,
ASIANCOFFE,EQ,43.5,43.5,43,43,0.0,42.5,200,8650,23-JAN-1996,
ASIANCONSO,EQ,11.05,12,11.05,11.5,0.0,11.5,2100,23895,23-JAN-1996,
ASIANHOTEL,EQ,214.35,214,210,210.15,0.0,214.35,2250,476025,23-JAN-1996,
ASIANPAINT,EQ,324.5,339.75,327,336,0.0,324.5,3700,1232780,23-JAN-1996,
ASILIND,EQ,41,41,40,40,0.0,42,400,16300,23-JAN-1996,
ASOCSTONE,EQ,35,35,31,31,0.0,32.5,900,28780,23-JAN-1996,
ASSAMCO,EQ,94,94,94,94,0.0,94,200,18800,23-JAN-1996,
ATASHIND,EQ,9.1,9.1,9,9,0.0,9.5,400,3610,23-JAN-1996,
ATCOIND,EQ,135,132,121,121,0.0,135,700,87515,23-JAN-1996,
ATLASCOPCO,EQ,169.1,169.1,169.1,169.1,0.0,172,50,8455,23-JAN-1996,
ATULPROD,EQ,63.25,67,63.25,67,0.0,70,100,6512.5,23-JAN-1996,
ATVPETRO,EQ,15.85,16.2,14.6,16.2,0.0,15.85,5500,85560,23-JAN-1996,
ATVPROJ,EQ,22.4,21,20.05,20.25,0.0,22.4,3100,62565,23-JAN-1996,
AUTOCORP,EQ,84,82,82,82,0.0,84,50,4100,23-JAN-1996,
AUTOLEC,EQ,88.5,89.95,88.5,88.5,0.0,93.5,800,71085,23-JAN-1996,
AUTOLITIND,EQ,160.05,166,160,160,0.0,160.05,800,130000,23-JAN-1996,
AUTORIDFIN,EQ,40.5,40,37,37.2,0.0,40.5,5100,194740,23-JAN-1996,
BAGWATIGAS,EQ,14,14.1,13.5,13.5,0.0,14.05,4500,62025,23-JAN-1996,
BAJAJAUTO,EQ,630,630,587,599.4,0.0,620.55,7650,4640220,23-JAN-1996,
BAJAJHIND,EQ,61.25,61,61,61,0.0,61.25,100,6100,23-JAN-1996,
BAJAJTEMPO,EQ,325,325,320,320,0.0,324.95,5150,1673300,23-JAN-1996,
BAJAUTOFIN,EQ,64.95,70,64.05,68.65,0.0,64.95,1300,86620,23-JAN-1996,
BALAJHOTEL,EQ,66.65,69,66.5,69,0.0,66.65,2000,137230,23-JAN-1996,
BALAJIDIST,EQ,192.5,189,185,185,0.0,192.5,300,56100,23-JAN-1996,
BALAJIFOOD,EQ,9,9,8.55,8.55,0.0,9,1000,8750,23-JAN-1996,
BALAJIIND,EQ,200.75,200,182,190,0.0,200.75,2800,545960,23-JAN-1996,
BALMLAWRIE,EQ,63,63,60,60,0.0,58,300,18300,23-JAN-1996,
BALURTRANS,EQ,8,8.05,7.55,7.65,0.0,8.1,3900,30010,23-JAN-1996,
BANARISUG,EQ,53,54,51,54,0.0,53,750,40200,23-JAN-1996,
BANKPUNJAB,EQ,13.05,13.3,12.8,13,0.0,13.05,59400,771510,23-JAN-1996,
BANKRAJAS,EQ,197.05,198.75,185.05,186.2,0.0,197.05,52850,10146275,23-JAN-1996,
BARATBIJLE,EQ,1229,1229,1200,1200,0.0,1205,10,12145,23-JAN-1996,
BARODARAYN,EQ,282,282,270,270,0.0,279.5,300,82482.75,23-JAN-1996,
BASF,EQ,241.1,242,239,239,0.0,241.1,250,60070,23-JAN-1996,
BATAINDIA,EQ,61.2,60,55.2,58,0.0,61.2,2750,161650,23-JAN-1996,
BAUSCHLOMB,EQ,31.75,31.75,31.75,31.75,0.0,32,100,3175,23-JAN-1996,
BAYER,EQ,1340,1365,1300.05,1302.55,0.0,1300,35,46425.25,23-JAN-1996,
BBTC,EQ,100,100,100,100,0.0,104,100,10000,23-JAN-1996,
BELCERAMIC,EQ,22.5,22.75,22,22,0.0,22.5,600,13575,23-JAN-1996,
BELLARYSTL,EQ,21.65,22,21.7,21.7,0.0,21.65,2400,52530,23-JAN-1996,
BEML,EQ,62.95,59,59,59,0.0,62.95,200,11800,23-JAN-1996,
BENTOLCHEM,EQ,34,38,34,36.15,0.0,36.15,1500,53855,23-JAN-1996,
BERGEPAINT,EQ,72.5,73.5,72,72,0.0,72.5,200,14550,23-JAN-1996,
BESTAVISON,EQ,18,18,18,18,0.0,20,300,5400,23-JAN-1996,
BETANAPTOL,EQ,28.5,29.95,28.25,29.95,0.0,28.75,500,14515,23-JAN-1996,
BGFL,EQ,36,38.2,37,38.2,0.0,36,900,33820,23-JAN-1996,
BHANSALENG,EQ,16.5,17.25,16.5,17.25,0.0,17,600,10180,23-JAN-1996,
BHARATFORG,EQ,133,133.25,132,132,0.0,133,1150,152825,23-JAN-1996,
BHARATGEAR,EQ,42.5,44.25,42,42,0.0,42.5,1600,69530,23-JAN-1996,
BHARATPIPE,EQ,10.5,10.5,10.1,10.1,0.0,10.15,1100,11310,23-JAN-1996,
BHARATRAS,EQ,44,45,43.5,43.5,0.0,44,1600,70460,23-JAN-1996,
BHARTITELE,EQ,87.3,88.75,86,87.8,0.0,87.3,5100,445375,23-JAN-1996,
BHEL,EQ,79,79,79,79,0.0,78,100,7900,23-JAN-1996,
BHORIND,EQ,41.5,42,41.5,42,0.0,44,500,20815,23-JAN-1996,
BHUSANSTL,EQ,56,59,55.1,58.2,0.0,56,4100,236625,23-JAN-1996,
BIHARALLOY,EQ,5.25,5.3,5.25,5.3,0.0,5.25,900,4765,23-JAN-1996,
BIHARCAUST,EQ,39.1,39.1,39.1,39.1,0.0,42,100,3910,23-JAN-1996,
BIHARSPONG,EQ,4.75,5,4.6,4.6,0.0,4.7,1500,7050,23-JAN-1996,
BILT,EQ,160,160,160,160,0.0,164,100,16000,23-JAN-1996,
BIMETBRG,EQ,380,384,380,384,0.0,380,450,171225,23-JAN-1996,
BINANIZINC,EQ,83,88,83,86.7,0.0,83,3000,253542.5,23-JAN-1996,
BINDALAGRO,EQ,13,13.25,12.6,12.6,0.0,13.15,14400,188867.5,23-JAN-1996,
BIRLA3M,EQ,126,145,126,135.5,0.0,140,5600,711745,23-JAN-1996,
BIRLAERIC,EQ,29.75,30.45,29,29.15,0.0,29.75,2400,71385,23-JAN-1996,
BIRLCENFIN,EQ,14.8,15.2,14.5,15.2,0.0,14.8,1100,16240,23-JAN-1996,
BLOWPLAST,EQ,144,145,136.25,136.25,0.0,149.5,300,42525,23-JAN-1996,
BLUEDART,EQ,86.9,88.5,82,87.05,0.0,84,900,76845,23-JAN-1996,
BLUESTAR,EQ,54.05,55.75,54.05,54.65,0.0,55,2650,146010,23-JAN-1996,
BOERMANHEM,EQ,100,104,100,103,0.0,106,300,30650,23-JAN-1996,
BOID2PLANA,EQ,175,175,171.05,174.5,0.0,175,660,113892.5,23-JAN-1996,
BOID2PLANB,EQ,171.25,177.75,174,177.75,0.0,171.25,150,26287.5,23-JAN-1996,
BOMDYEING,EQ,289.25,290,280,280.5,0.0,289.25,2400,685542.5,23-JAN-1996,
BONGAIREFN,EQ,16.25,16.25,14.65,14.8,0.0,16.25,1600,24435,23-JAN-1996,
BOOTSPHARM,EQ,544.05,545,535.85,535.85,0.0,544.05,200,108085,23-JAN-1996,
BPL,EQ,59,61.5,57,58.5,0.0,59,2400,141125,23-JAN-1996,
BPLENGG,EQ,24,24,23.1,23.75,0.0,24,1500,35435,23-JAN-1996,
BPLSANTECH,EQ,15.25,15.5,15,15,0.0,15.25,1900,28600,23-JAN-1996,
BPLSANUTIL,EQ,21,22.5,22,22.5,0.0,21,300,6675,23-JAN-1996,
BRITANNIA,EQ,147.5,148.25,144,148,0.0,148,1000,147575,23-JAN-1996,
BROOKBOND,EQ,236.85,236,233,233,0.0,236.85,20750,4874932.5,23-JAN-1996,
BSES,EQ,124.6,125.4,122,123.85,0.0,124.6,15750,1949647.5,23-JAN-1996,
BSL,EQ,65.75,66,65.75,66,0.0,66,300,19775,23-JAN-1996,
BTWIND,EQ,4,4.05,4,4.05,0.0,4,2600,10445,23-JAN-1996,
BURRWELCOM,EQ,115,115,111,111.1,0.0,115,1150,130092.5,23-JAN-1996,
BUWALKASTL,EQ,38.25,38.3,35.75,35.85,0.0,38.95,15000,563450,23-JAN-1996,
CADBURY,EQ,307.25,317.5,311,317,0.0,307.25,5800,1839862.5,23-JAN-1996,
CAMPALLIED,EQ,37,41.85,37,41.65,0.0,38.75,800,31917.5,23-JAN-1996,
CANBONUS,EQ,7,7,6.6,6.9,0.0,7,800,5525,23-JAN-1996,
CANFINHOME,EQ,21,21,21,21,0.0,21.75,200,4200,23-JAN-1996,
CAPRIHANS,EQ,90,91.5,90,91,0.0,98.45,150,13625,23-JAN-1996,
CARBORUNIV,EQ,132.45,135,131,135,0.0,132.45,800,105845,23-JAN-1996,
CARRIERAIR,EQ,169.05,170.5,168,168.55,0.0,169.05,4700,794710,23-JAN-1996,
CASTROL,EQ,339.65,333,318,319.15,0.0,339.65,3050,988397.5,23-JAN-1996,
CAUVERSOFT,EQ,16,16,14.8,14.8,0.0,16,1000,15430,23-JAN-1996,
CEAT,EQ,55,59.5,54.25,56.75,0.0,56.5,800,44565,23-JAN-1996,
CEATFIN,EQ,24.25,24.5,24.25,24.45,0.0,24.75,500,12180,23-JAN-1996,
CELESTE,EQ,8.7,8.7,8.65,8.65,0.0,8.85,800,6935,23-JAN-1996,
CENTAKCHEM,EQ,102,102,100,100,0.0,101,400,40400,23-JAN-1996,
CENTENKA,EQ,1850,1850,1811.05,1811.05,0.0,1850,10,18305.25,23-JAN-1996,
CENTEXTRU,EQ,27,27,26,26,0.0,27.5,1200,31705,23-JAN-1996,
CENTURYTEX,EQ,4722.75,4730,4725,4730,0.0,4722.75,35,165525,23-JAN-1996,
CESC,EQ,100,103.05,94,95.05,0.0,98,7350,747195,23-JAN-1996,
CGGLASS,EQ,12,12.25,12,12.25,0.0,12.1,900,10895,23-JAN-1996,
CGIGARSH,EQ,11.5,11.5,10.75,11.25,0.0,11.8,900,9980,23-JAN-1996,
CHAMBLFERT,EQ,17.7,17.75,17.25,17.3,0.0,17.7,26500,462510,23-JAN-1996,
CHEMNODRUG,EQ,105,105,100,100.25,0.0,109.95,500,51075,23-JAN-1996,
CHEMOXCHEM,EQ,45.75,46,44,44.5,0.0,45.75,1300,58787.5,23-JAN-1996,
CHEMPLAST,EQ,118,118,110,110,0.0,115,300,34600,23-JAN-1996,
CHESLINTEX,EQ,7.5,8.7,7.5,8.6,0.0,8.05,1300,10875,23-JAN-1996,
CHETNADCEM,EQ,172.5,172.5,163,163.7,0.0,174.05,1500,252135,23-JAN-1996,
CHICAGPNUM,EQ,179,179,175,175.5,0.0,179,200,35425,23-JAN-1996,
CHOKAINTL,EQ,4.4,4.4,4,4,0.0,4.4,1500,6400,23-JAN-1996,
CHOLAINV,EQ,41.3,42.75,42.05,42.75,0.0,41.3,300,12735,23-JAN-1996,
CHOWGULSTM,EQ,24.25,24.8,24,24.55,0.0,24.8,800,19455,23-JAN-1996,
CIMCOBIRLA,EQ,23,23,22.5,22.5,0.0,22.75,700,15940,23-JAN-1996,
CIPLA,EQ,331,331,315,318.9,0.0,331,10050,3264920,23-JAN-1996,
CITICORSEC,EQ,23,23.4,21.25,22,0.0,23,2000,45580,23-JAN-1996,
COATESIND,EQ,200,200,200,200,0.0,200,150,30000,23-JAN-1996,
COATVIYELA,EQ,94.35,94,92,92,0.0,94.35,650,59900,23-JAN-1996,
COCHINREFN,EQ,127.5,128,122.5,127.05,0.0,127.5,2450,307050,23-JAN-1996,
COLGATE,EQ,256.95,259,250.05,253.95,0.0,256.95,7900,2020295,23-JAN-1996,
COLORCHEM,EQ,2840,2840,2840,2840,0.0,2974,10,28400,23-JAN-1996,
COMPACDISC,EQ,7.25,7.4,7,7.4,0.0,7.5,900,6575,23-JAN-1996,
COREPARENT,EQ,91.95,91.95,82.5,85.9,0.0,91.5,4900,427690,23-JAN-1996,
CRBCAPS,EQ,59.5,60,58.5,58.65,0.0,60.25,2200,130760,23-JAN-1996,
CRBCORP,EQ,30.55,30.6,30.3,30.5,0.0,30.55,13800,421270,23-JAN-1996,
CRESTCOMM,EQ,24,25.95,25,25,0.0,24,200,5095,23-JAN-1996,
CRISIL,EQ,131,131,131,131,0.0,135.1,100,13100,23-JAN-1996,
CROMPGREAV,EQ,200,207,195.75,204.65,0.0,200,52100,10750990,23-JAN-1996,
CROSLANDS,EQ,375.05,375.1,371.25,371.25,0.0,375.05,600,224240,23-JAN-1996,
CTCOTTON,EQ,12,12.5,12,12.45,0.0,12.5,10000,123650,23-JAN-1996,
DABUR,EQ,229,231.95,227,231.95,0.0,229.55,2700,619200,23-JAN-1996,
DALMIACEM,EQ,228,226.5,220,222.7,0.0,228,400,89450,23-JAN-1996,
DAMANIAAIR,EQ,14.25,15.7,14,14.75,0.0,14.25,20000,298270,23-JAN-1996,
DARTLTD,EQ,35,38.65,37.5,37.5,0.0,35,1900,72830,23-JAN-1996,
DATAPROINF,EQ,11,11.1,11,11,0.0,11,700,7715,23-JAN-1996,
DATARSWICH,EQ,152,153.9,152,153.9,0.0,152,2000,306690,23-JAN-1996,
DAURALAORG,EQ,10.6,10.6,10.05,10.05,0.0,10.6,1200,12615,23-JAN-1996,
DCLPOLY,EQ,20.65,20.65,20.25,20.6,0.0,20.7,1500,30680,23-JAN-1996,
DCM,EQ,74,75,74,74,0.0,77,500,37100,23-JAN-1996,
DCMDAEWOO,EQ,39.3,39.85,35.5,37,0.0,39.3,16650,636052.5,23-JAN-1996,
DCMSRMCONS,EQ,183,170,170,170,0.0,183,50,8500,23-JAN-1996,
DCW,EQ,36,36.3,35.85,36.3,0.0,36,1350,48685,23-JAN-1996,
DECANGRAN,EQ,14.75,14.8,14.75,14.75,0.0,14.2,800,11805,23-JAN-1996,
DECCANCEM,EQ,37,37,37,37,0.0,36.5,200,7400,23-JAN-1996,
DEEPAKFERT,EQ,11.8,12,11.3,11.9,0.0,11.8,7050,83360,23-JAN-1996,
DEEPAKNITR,EQ,38,37,37,37,0.0,38,100,3700,23-JAN-1996,
DEEPAKSPIN,EQ,24,25,24,25,0.0,24,1000,24760,23-JAN-1996,
DELTAIND,EQ,69.75,70,68,68.75,0.0,69.95,700,48450,23-JAN-1996,
DENMURFAX,EQ,6.45,6.05,6,6,0.0,6.45,1200,7250,23-JAN-1996,
DEWANHOUS,EQ,15,15,14.8,14.8,0.0,14.95,900,13347.5,23-JAN-1996,
DEWANRUB,EQ,74,79,74,74.35,0.0,74,5500,411765,23-JAN-1996,
DEWANSTEEL,EQ,20,20.05,18.75,19.95,0.0,20,2600,51330,23-JAN-1996,
DEWANTYRE,EQ,41.75,42,41.55,41.75,0.0,42,1800,75200,23-JAN-1996,
DGPWINDSOR,EQ,120,120,119,119.5,0.0,120,3500,418475,23-JAN-1996,
DHAMPURSUG,EQ,89.3,91.2,89,89.05,0.0,89.3,1850,166230,23-JAN-1996,
DHARAMORAR,EQ,34.5,34.5,34.5,34.5,0.0,34.5,100,3450,23-JAN-1996,
DHARNENIND,EQ,8,8,8,8,0.0,8,100,800,23-JAN-1996,
DHARSUGAR,EQ,22.8,23,22.75,22.75,0.0,22.6,400,9155,23-JAN-1996,
DIGITALEQP,EQ,80.05,80.75,78,80.05,0.0,80.05,5400,431475,23-JAN-1996,
DLFCEMENT,EQ,12.25,12.5,11.5,11.65,0.0,12.25,15200,180935,23-JAN-1996,
DRBECK,EQ,67,67,67,67,0.0,71,100,6700,23-JAN-1996,
DRIND,EQ,11.65,12,11,11.75,0.0,11.65,2200,25170,23-JAN-1996,
DRREDDY,EQ,204.35,209.7,205,207.7,0.0,204.35,3400,703435,23-JAN-1996,
DSJFINCORP,EQ,25.5,25.4,23.3,24.05,0.0,25.5,1000,24225,23-JAN-1996,
DSKULKARNI,EQ,10,10,9.5,9.5,0.0,9.75,600,5950,23-JAN-1996,
DYNAPHARMA,EQ,8,8,8,8,0.0,8.5,800,6400,23-JAN-1996,
EARNHEALTH,EQ,11,11,11,11,0.0,11.5,100,1100,23-JAN-1996,
EASTMINING,EQ,11.55,11.4,10.55,11.4,0.0,11.55,3300,37160,23-JAN-1996,
EASTSILK,EQ,60,59.95,54,58,0.0,60,9800,557140,23-JAN-1996,
EICHERMOT,EQ,26.3,30,26.3,29.25,0.0,28.3,3300,95210,23-JAN-1996,
EICHERTRAC,EQ,64.95,64.95,64.95,64.95,0.0,60,100,6495,23-JAN-1996,
EIHOTEL,EQ,473.4,480,478.3,480,0.0,473.4,650,311362.5,23-JAN-1996,
ELBEE,EQ,102,102,102,102,0.0,96,300,30600,23-JAN-1996,
ELECTCAST,EQ,86.05,88,86.05,88,0.0,86.85,1200,103980,23-JAN-1996,
ELECTRA,EQ,11.25,12.05,11,12.05,0.0,11,3300,37260,23-JAN-1996,
ELGIEQUIP,EQ,255,255,242,242,0.0,250,150,36950,23-JAN-1996,
EMERCK,EQ,135,142,135,142,0.0,141.25,150,20950,23-JAN-1996,
EMPEESUGAR,EQ,7.5,7.5,7.45,7.5,0.0,8,500,3740,23-JAN-1996,
ENKTEXFOOD,EQ,50,50.5,50,50.5,0.0,50,900,45150,23-JAN-1996,
ESABINDIA,EQ,57,55,55,55,0.0,57,200,11000,23-JAN-1996,
ESCORTS,EQ,83,83,81,81,0.0,76,1050,85835,23-JAN-1996,
ESCORTSFIN,EQ,30.5,30.55,30.5,30.55,0.0,30.7,200,6105,23-JAN-1996,
ESCORTTRAC,EQ,107,107,107,107,0.0,105,100,10700,23-JAN-1996,
ESSARGUJ,EQ,32.25,32.3,31.05,31.6,0.0,32.25,33400,1064450,23-JAN-1996,
ESSAROIL,EQ,21.4,21.5,21,21.4,0.0,21.6,2200,46880,23-JAN-1996,
ESSARSHIP,EQ,26,26.45,25,25.75,0.0,26,11400,295980,23-JAN-1996,
ESSARSHIP,N1,43.8,45,43.8,45,0.0,44.5,250,11070,23-JAN-1996,
ESSELPACK,EQ,160,160,155,157,0.0,162,500,78600,23-JAN-1996,
ESTCSTSTEL,EQ,23.25,23.25,23,23,0.0,23,300,6950,23-JAN-1996,
ESTERIND,EQ,21.4,21.4,20.5,20.5,0.0,21.4,3900,81410,23-JAN-1996,
ESTWSTRAV,EQ,10.15,10.45,10,10.45,0.0,10.5,1700,17260,23-JAN-1996,
ETERNEVRST,EQ,110,118,110,116,0.0,116,750,84850,23-JAN-1996,
EXCELIND,EQ,236.05,240,236,240,0.0,250,150,35602.5,23-JAN-1996,
FABWORTH,EQ,19.25,20.5,19.25,20,0.0,19.25,2000,39700,23-JAN-1996,
FAGPRECISN,EQ,63,63,63,63,0.0,63.1,200,12600,23-JAN-1996,
FEDDERLOYD,EQ,12.2,13.1,12,12.55,0.0,12,5200,65500,23-JAN-1996,
FEDERALBNK,EQ,162.15,162.75,162,162.15,0.0,162.15,18000,2916930,23-JAN-1996,
FEMNORMIN,EQ,94.6,96,84.95,85.3,0.0,94.6,124300,11325115,23-JAN-1996,
FERROALLOY,EQ,31.1,31.95,31.1,31.6,0.0,31.5,1950,61870,23-JAN-1996,
FGPIND,EQ,51,51.25,49,50.9,0.0,51,1900,96275,23-JAN-1996,
FICOMORGAN,EQ,56,56.5,56,56.5,0.0,56,350,19750,23-JAN-1996,
FINCABLES,EQ,222,222.5,218,220.5,0.0,222,1550,341025,23-JAN-1996,
FINPIPE,EQ,26.9,26.85,26.35,26.5,0.0,26.9,12700,337590,23-JAN-1996,
FIRSTLEASE,EQ,33.3,32.9,30.75,32.1,0.0,33.3,1800,57920,23-JAN-1996,
FISHFALCON,EQ,3.25,3.25,3.1,3.1,0.0,3.25,3600,11515,23-JAN-1996,
FLATPROD,EQ,127,122.25,120,120,0.0,127,500,60635,23-JAN-1996,
FLEX,EQ,124,124,119,119.95,0.0,124,3700,448065,23-JAN-1996,
FLEXCHEM,EQ,51,50.25,48.5,48.5,0.0,51,600,29825,23-JAN-1996,
FLEXENGG,EQ,70,70,68,68,0.0,71,1000,68800,23-JAN-1996,
FLOATGLASS,EQ,29,31.5,29.1,31.25,0.0,29,5300,159185,23-JAN-1996,
FORBESGOK,EQ,166.5,167.5,166.5,167.5,0.0,169.1,100,16700,23-JAN-1996,
FOSECOIND,EQ,196.05,197.25,196.05,197.15,0.0,196.2,1900,374120,23-JAN-1996,
FUJITSICIM,EQ,35.75,35.75,35.25,35.25,0.0,36,1150,40637.5,23-JAN-1996,
FULLERKCP,EQ,139.05,140,138.75,139.25,0.0,140.1,1900,264210,23-JAN-1996,
GABRIEL,EQ,231,232,231,232,0.0,231.5,100,23150,23-JAN-1996,
GANESHANHY,EQ,16.1,15.9,15.4,15.4,0.0,16.1,800,12455,23-JAN-1996,
GANESHBENZ,EQ,44.5,45.75,44.05,44.7,0.0,45,1900,85175,23-JAN-1996,
GARDENSILK,EQ,28.25,28.5,27.25,28,0.0,28.25,3200,89485,23-JAN-1996,
GARWALLROP,EQ,64,65,63.05,63.05,0.0,64,400,25632.5,23-JAN-1996,
GARWARPOLY,EQ,186,190,186,188,0.0,186.3,800,149155,23-JAN-1996,
GARWARSHIP,EQ,9.95,10,9.95,10,0.0,10,200,1995,23-JAN-1996,
GECALSTHOM,EQ,49.75,47.25,47.25,47.25,0.0,49.75,200,9450,23-JAN-1996,
GEMSPIN,EQ,8,8,8,8,0.0,8.1,400,3200,23-JAN-1996,
GERMANREM,EQ,125,125,122.1,122.1,0.0,135.95,250,30825,23-JAN-1996,
GESHIPPING,EQ,45,47,44.65,46.3,0.0,45,41600,1898410,23-JAN-1996,
GHCL,EQ,14.9,15,14.65,14.75,0.0,14.6,7300,108445,23-JAN-1996,
GICBAL,EQ,8.25,8.4,8.15,8.4,0.0,8.4,1800,14925,23-JAN-1996,
GICBIGCBS,EQ,15.3,15.75,15.2,15.55,0.0,15.3,3100,48270,23-JAN-1996,
GICHSGFIN,EQ,23.45,23.5,23.45,23.5,0.0,23.5,200,4695,23-JAN-1996,
GIPCL,EQ,36.25,37.5,35.3,35.6,0.0,36.25,6300,228845,23-JAN-1996,
GIPCL,N2,75.5,75.5,75.5,75.5,0.0,75.6,10,755,23-JAN-1996,
GKW,EQ,44.25,45.15,44.25,45.15,0.0,45.3,300,13455,23-JAN-1996,
GLAXO,EQ,175.75,177.25,172.1,173,0.0,175.75,8100,1418515,23-JAN-1996,
GLFL,EQ,84.35,90,82.25,83.5,0.0,84.35,2900,245115,23-JAN-1996,
GLOBABOARD,EQ,8,8.25,7.6,8.15,0.0,8.3,3200,25885,23-JAN-1996,
GLOBALTELE,EQ,95.65,96.4,95.3,95.7,0.0,95.65,4600,440265,23-JAN-1996,
GLOBLTRUST,EQ,42.75,42.5,41,41.15,0.0,42.75,5000,208450,23-JAN-1996,
GMBREW,EQ,17.5,17.75,17.75,17.75,0.0,17.5,100,1775,23-JAN-1996,
GMRVASAVI,EQ,22,22,21.5,21.5,0.0,22,2500,54820,23-JAN-1996,
GNFC,EQ,43.95,43.5,41.5,42.05,0.0,43.95,8450,358650,23-JAN-1996,
GODAVRFERT,EQ,11.3,11.3,11,11,0.0,11.95,1400,15610,23-JAN-1996,
GODFRYPHLP,EQ,145,149,145,149,0.0,149,300,44300,23-JAN-1996,
GODREJSOP,EQ,56.3,55.7,50.6,55.7,0.0,56.3,1300,70805,23-JAN-1996,
GOETZEIND,EQ,65,69.85,62.5,65,0.0,65,800,52260,23-JAN-1996,
GOODLASNER,EQ,204,204,202,202,0.0,202,2700,545600,23-JAN-1996,
GOODRICKE,EQ,66.05,66.05,66.05,66.05,0.0,68.1,50,3302.5,23-JAN-1996,
GOODVALUE,EQ,26.35,26.75,26.35,26.75,0.0,26.5,2450,64895,23-JAN-1996,
GORDONHERB,EQ,26,26,26,26,0.0,26.5,100,2600,23-JAN-1996,
GOVINRUBER,EQ,20.3,20.3,20.3,20.3,0.0,18.45,200,4060,23-JAN-1996,
GRAMPHONCO,EQ,23,24,23,24,0.0,23,850,20275,23-JAN-1996,
GRANDFONRY,EQ,33.5,34.95,33,33,0.0,35,400,13445,23-JAN-1996,
GRAPCOGRAN,EQ,14.05,14.25,13.8,14.25,0.0,15.3,500,7060,23-JAN-1996,
GRAPCOMIN,EQ,7.4,7.4,7.2,7.25,0.0,7.3,3400,24720,23-JAN-1996,
GRASIM,EQ,505.95,514,498,506,0.0,505.95,2950,1500112.5,23-JAN-1996,
GREAVES,EQ,48,48,48,48,0.0,52,500,24000,23-JAN-1996,
GRINWELNOR,EQ,210,210,210,210,0.0,216,50,10500,23-JAN-1996,
GRMAGNET,EQ,38.5,38.75,32,32.95,0.0,38.55,2288300,80713080,23-JAN-1996,
GROWTECHNO,EQ,131,131,131,131,0.0,132.9,100,13100,23-JAN-1996,
GSFC,EQ,112.25,119.95,118,119.75,0.0,112.25,250,29735,23-JAN-1996,
GSL,EQ,90,93,90,92.9,0.0,93,300,27587.5,23-JAN-1996,
GTCIND,EQ,39.25,42,39.25,42,0.0,43.35,1350,55325,23-JAN-1996,
GTNTEXT,EQ,97.55,98,95.05,95.1,0.0,103.75,900,87020,23-JAN-1996,
GUJALKALI,EQ,128.5,128.75,127.55,128.75,0.0,128.5,3200,411257.5,23-JAN-1996,
GUJAMBCEM,EQ,271.05,273.5,270,271.9,0.0,271.05,9000,2445530,23-JAN-1996,
GUJAMBCOTS,EQ,7.5,7.7,7.1,7.6,0.0,7.75,2600,19195,23-JAN-1996,
GUJAMBPROT,EQ,6.6,7,6,6.65,0.0,6.6,1900,12410,23-JAN-1996,
GUJCOTEX,EQ,8.9,8.6,8,8,0.0,8.9,22800,184785,23-JAN-1996,
GUJFLUORO,EQ,54.25,56,54,54,0.0,54.3,1900,105020,23-JAN-1996,
GUJOPTICAL,EQ,12,12,12,12,0.0,11.35,100,1200,23-JAN-1996,
GUJRATGAS,EQ,127.65,126,123,123,0.0,127.65,1000,125125,23-JAN-1996,
GUJRATTELE,EQ,18.3,18.3,17.8,18,0.0,18.3,3000,54010,23-JAN-1996,
GUJSIDHCEM,EQ,8.6,8.9,7.8,8.2,0.0,8.6,5600,46855,23-JAN-1996,
HANILERA,EQ,11.25,11.25,10.7,10.7,0.0,11.5,1000,11045,23-JAN-1996,
HARIGCRANK,EQ,8.05,8.1,8,8,0.0,8.45,3000,24100,23-JAN-1996,
HARRMALAYA,EQ,54.5,57.5,54.5,57.5,0.0,54.7,350,19700,23-JAN-1996,
HARYANPETR,EQ,8,9,8,8.75,0.0,8.25,1900,16585,23-JAN-1996,
HARYANSHET,EQ,35.75,35.75,35,35,0.0,36,200,7075,23-JAN-1996,
HBPORT,EQ,40,40.75,38.05,40.75,0.0,42,600,23880,23-JAN-1996,
HCL-HP,EQ,109.5,109.9,107,107,0.0,109.5,850,91672.5,23-JAN-1996,
HDFC,EQ,2652.4,2675,2645,2655.75,0.0,2652.4,2490,6617388.5,23-JAN-1996,
HDFCBANK,EQ,25.45,26,25.1,25.3,0.0,25.45,39900,1012735,23-JAN-1996,
HEG,EQ,28.75,29,27.55,28.1,0.0,28.75,750,21150,23-JAN-1996,
HERBETSON,EQ,64.35,63,55,56.25,0.0,64.35,9800,563920,23-JAN-1996,
HERDILCHEM,EQ,55,55,55,55,0.0,58,150,8250,23-JAN-1996,
HEROHONDA,EQ,223.7,224,221,222.55,0.0,223.7,850,189727.5,23-JAN-1996,
HIMACHLFUT,EQ,43,43,42,42.4,0.0,45,1400,59450,23-JAN-1996,
HIMACHTELE,EQ,22.75,24.25,22.75,23.35,0.0,23.6,3000,70125,23-JAN-1996,
HIMADCHEM,EQ,36.1,36.5,35.2,36.4,0.0,36.15,4700,169500,23-JAN-1996,
HIMATSEIDE,EQ,190,194,190,192.1,0.0,190,1000,192030,23-JAN-1996,
HINDALC0,EQ,902.7,905.05,900.05,900.1,0.0,902.7,3700,3340410,23-JAN-1996,
HINDALLOYS,EQ,50,51.25,49.35,49.4,0.0,50,3500,174590,23-JAN-1996,
HINDCIBA,EQ,2755,2830,2710,2725,0.0,2755,140,391760,23-JAN-1996,
HINDCONS,EQ,51.5,52,51.25,51.45,0.0,51.5,850,43860,23-JAN-1996,
HINDDORROL,EQ,65.5,65,65,65,0.0,65.5,100,6500,23-JAN-1996,
HINDEVELOP,EQ,16.2,16.5,16,16.05,0.0,16.2,43000,693370,23-JAN-1996,
HINDIND,EQ,23,23,23,23,0.0,24.5,200,4600,23-JAN-1996,
HINDINDCHM,EQ,15,15,15,15,0.0,15.75,100,1500,23-JAN-1996,
HINDINKS,EQ,120,120,117,117,0.0,120,1000,119575,23-JAN-1996,
HINDLEVER,EQ,635.6,641,635,636.5,0.0,635.6,10950,6971720,23-JAN-1996,
HINDMOTOR,EQ,25.55,25.4,24.05,24.5,0.0,25.55,45200,1133375,23-JAN-1996,
HINDOILEXP,EQ,15.5,16.05,15.5,16.05,0.0,15.2,3100,49215,23-JAN-1996,
HINDPETRO,EQ,274,274,274,274,0.0,277,200,54800,23-JAN-1996,
HINDSANIT,EQ,166,165,158,160.05,0.0,166,300,48305,23-JAN-1996,
HINDUJAFIN,EQ,87,87.5,84,87.5,0.0,93,400,34500,23-JAN-1996,
HINDZINC,EQ,10,10,10,10,0.0,10,100,1000,23-JAN-1996,
HINPOWPLUS,EQ,60.25,61.25,59.5,59.5,0.0,60.25,1600,96440,23-JAN-1996,
HITECDRIL,EQ,17.25,17.25,16.65,17,0.0,17.25,700,11940,23-JAN-1996,
HITECHIJEW,EQ,205,215,200,215,0.0,215,600,123800,23-JAN-1996,
HMGIND,EQ,16.5,16.4,16.2,16.4,0.0,16.5,2600,42295,23-JAN-1996,
HOCL,EQ,27.2,27.2,26.55,26.75,0.0,27.2,4000,107510,23-JAN-1996,
HOECHST,EQ,205.25,210,205,205.75,0.0,215.25,450,92890,23-JAN-1996,
HOGANAS,EQ,318.5,318.5,318.5,318.5,0.0,317.5,300,95550,23-JAN-1996,
HOTELEELA,EQ,101.25,102,100,101.65,0.0,101.25,4600,466232.5,23-JAN-1996,
HOTELSRKRI,EQ,18.25,19,18.25,19,0.0,18.25,2300,42780,23-JAN-1996,
HOTLINGLAS,EQ,11.5,11.6,11.2,11.25,0.0,11.5,31700,359100,23-JAN-1996,
HYDRBADIND,EQ,147,148,147,148,0.0,150,200,29500,23-JAN-1996,
HYTSNMAGNT,EQ,10,10.9,9.85,10,0.0,9.9,5700,56640,23-JAN-1996,
IBP,EQ,165,165,162.1,162.1,0.0,165,200,32710,23-JAN-1996,
ICI,EQ,150,146,143,144.35,0.0,150,850,123850,23-JAN-1996,
ICICI,EQ,67.25,68.45,66.5,67.95,0.0,67.25,38400,2583515,23-JAN-1996,
ICICIPREM,EQ,5.8,5.75,5.5,5.7,0.0,5.8,8400,47505,23-JAN-1996,
IDBI,EQ,90.75,92,90.05,91.05,0.0,90.75,32400,2955115,23-JAN-1996,
IFBAGRO,EQ,36.5,37.25,36.5,37.25,0.0,37.5,400,14675,23-JAN-1996,
IFBIND,EQ,130,132,128,128,0.0,130,3200,417125,23-JAN-1996,
IFBVENTUR,EQ,7.1,7,7,7,0.0,7.1,200,1400,23-JAN-1996,
IFCI,EQ,36.45,37.35,36.2,36.85,0.0,36.45,72500,2644215,23-JAN-1996,
IFGLREFRAC,EQ,7.1,7.25,7,7,0.0,7.1,1400,9850,23-JAN-1996,
IGPETRO,EQ,42.45,42.5,41.5,41.7,0.0,42.45,21100,888740,23-JAN-1996,
INDAL,EQ,140.05,142,140.05,141.05,0.0,138.2,700,98420,23-JAN-1996,
INDBANKMER,EQ,17.5,18,17.5,17.5,0.0,17.5,1200,21290,23-JAN-1996,
INDBIOFOOD,EQ,13,13.25,13,13,0.0,13,800,10460,23-JAN-1996,
INDGYPSUM,EQ,41.5,41.5,40,40.5,0.0,41.55,600,24350,23-JAN-1996,
INDHOTEL,EQ,604.5,608,597,603.15,0.0,604.5,5350,3234860,23-JAN-1996,
INDIACEM,EQ,261,265,257,264.5,0.0,262.2,3800,984400,23-JAN-1996,
INDIAGLYCO,EQ,35,35.5,34.6,35.2,0.0,35.5,3800,133475,23-JAN-1996,
INDIALEASE,EQ,20,20,20,20,0.0,20,500,10000,23-JAN-1996,
INDIANACRY,EQ,3.9,3.95,3.75,3.75,0.0,3.9,9600,36890,23-JAN-1996,
INDIANORG,EQ,27,29,26.5,27.1,0.0,27,1650,45360,23-JAN-1996,
INDIAPHOTO,EQ,300,300,300,300,0.0,302.5,150,45000,23-JAN-1996,
INDIAPOLY,EQ,6,6,6,6,0.0,5.6,50,300,23-JAN-1996,
INDIASEC,EQ,19,20.85,19.6,19.8,0.0,19,1600,32295,23-JAN-1996,
INDLMETER,EQ,80,82.5,72.5,82.5,0.0,80,3100,240500,23-JAN-1996,
INDOASAHI,EQ,32.5,32.5,30,30,0.0,32.6,300,9500,23-JAN-1996,
INDOCOUNT,EQ,12.6,12.6,12.5,12.5,0.0,13.45,200,2510,23-JAN-1996,
INDOFREBIO,EQ,14.5,14.5,13.25,13.75,0.0,14.5,13700,191020,23-JAN-1996,
INDOGULF,EQ,45.55,46,45,45.05,0.0,45.55,4000,181810,23-JAN-1996,
INDORAMSYN,EQ,33.75,34,33.35,33.6,0.0,33.75,4500,151350,23-JAN-1996,
INDRATNA,EQ,13.1,13.1,13,13,0.0,13.25,300,3910,23-JAN-1996,
INDRAYON,EQ,417.25,420,415,415.55,0.0,417.25,9950,4150390,23-JAN-1996,
INDSHAVING,EQ,194.5,194.5,188.05,188.05,0.0,194.65,1300,248770,23-JAN-1996,
INDUNISSAN,EQ,18.25,19.2,18.2,18.25,0.0,18.85,5250,97760,23-JAN-1996,
INDYESTUF,EQ,24,24.25,23.5,24,0.0,23.5,1700,40725,23-JAN-1996,
INERTIAIND,EQ,19.05,19.15,18.8,19.1,0.0,19.15,2900,55185,23-JAN-1996,
INFOSYSTCH,EQ,393,400,393,396.25,0.0,397.5,1300,515825,23-JAN-1996,
INGERRAND,EQ,268,268,265,265,0.0,270,500,133345,23-JAN-1996,
INOVATMARN,EQ,8,8,8,8,0.0,8,1500,12000,23-JAN-1996,
INOX,EQ,127,125,125,125,0.0,127,200,25000,23-JAN-1996,
INSILCO,EQ,17.5,18.2,17.5,17.75,0.0,17.9,2500,44340,23-JAN-1996,
INTCOMTECH,EQ,15,15,14,14,0.0,14.55,2000,28960,23-JAN-1996,
INTEGRFIN,EQ,18,18,17,17,0.0,17.6,2700,47617.5,23-JAN-1996,
INTLTRAVHS,EQ,59.1,59.1,58,58,0.0,58.25,700,40975,23-JAN-1996,
INVELTRANS,EQ,74,75,74,75,0.0,72,4300,318850,23-JAN-1996,
IONEXCHANG,EQ,116,116,116,116,0.0,121,100,11600,23-JAN-1996,
IPCALAB,EQ,155,162,154,155.7,0.0,160,2800,441675,23-JAN-1996,
IPCL,EQ,118.1,121.95,118,121.45,0.0,118.1,109300,13170055,23-JAN-1996,
IPITATASPO,EQ,32.5,32.5,32,32,0.0,32,600,19275,23-JAN-1996,
ISIBARS,EQ,60,61.5,60,61.05,0.0,60,5900,360360,23-JAN-1996,
ISMETALTUB,EQ,71,74,71,71,0.0,71,550,39490,23-JAN-1996,
ISPATALLOY,EQ,11.6,11.5,11.5,11.5,0.0,11.6,300,3450,23-JAN-1996,
ISSAL,EQ,7.8,7.6,7,7.05,0.0,7.8,15400,111685,23-JAN-1996,
ITC,EQ,211.85,213.65,197,198.75,0.0,211.85,176600,36349000,23-JAN-1996,
ITCAGRO,EQ,51,53,50.5,50.5,0.0,51,800,41460,23-JAN-1996,
ITCBHADRA,EQ,92,93,85,90.35,0.0,92,4650,421822.5,23-JAN-1996,
ITCCLASSIC,EQ,66.65,68,66,66.3,0.0,66.65,4400,294360,23-JAN-1996,
ITCHOTEL,EQ,119.95,119,118,118.5,0.0,119.95,2300,272760,23-JAN-1996,
ITWSIGNODE,EQ,84,84,82,82,0.0,84,250,20700,23-JAN-1996,
JAGAJITIND,EQ,34,34,34,34,0.0,34,200,6800,23-JAN-1996,
JAINIRRIG,EQ,77,77,75.5,75.55,0.0,76.75,1200,91365,23-JAN-1996,
JAYASWLNEC,EQ,32.55,34.95,32.55,34.95,0.0,34.8,2150,71450,23-JAN-1996,
JAYBARMARU,EQ,50,50.3,50.3,50.3,0.0,50,100,5030,23-JAN-1996,
JAYPEEHOT,EQ,19.25,19.6,19,19.6,0.0,17.75,2100,40265,23-JAN-1996,
JAYSYNTDYE,EQ,78,78,78,78,0.0,75,100,7800,23-JAN-1996,
JCT,EQ,20.1,20.25,19.5,19.5,0.0,20.25,16300,321322.5,23-JAN-1996,
JCTELEC,EQ,23.25,23,21,21.75,0.0,23.25,3800,83130,23-JAN-1996,
JENSONICOL,EQ,72,72,71.75,71.75,0.0,71.75,350,25137.5,23-JAN-1996,
JFLABS,EQ,12.45,12.45,12,12.4,0.0,12,2700,32905,23-JAN-1996,
JINDALFOTO,EQ,125,128,123,125.5,0.0,128.25,600,75205,23-JAN-1996,
JINDALIRON,EQ,101.35,102.5,100,100.3,0.0,101.35,5300,536430,23-JAN-1996,
JINDALPOLY,EQ,345,354,338,354,0.0,339.95,600,206500,23-JAN-1996,
JINDALSTRP,EQ,191.85,192,180,183.9,0.0,191.85,5200,975175,23-JAN-1996,
JINDLFERRO,EQ,88.05,91.95,79,79,0.0,88.05,25900,2159060,23-JAN-1996,
JINDVIJSTL,E1,4.1,4.1,3.85,3.9,0.0,4.1,42900,171660,23-JAN-1996,
JINDVIJSTL,E2,2.25,2.3,2.15,2.2,0.0,2.4,16500,36830,23-JAN-1996,
JINDVIJSTL,EQ,7.7,7.95,7.65,7.95,0.0,7.7,38700,301640,23-JAN-1996,
JKCORP,EQ,112.25,123.5,112.25,123.45,0.0,112.25,1200,140880,23-JAN-1996,
JKDAIRY,EQ,9.9,9.9,9.5,9.5,0.0,9.95,400,3880,23-JAN-1996,
JKIND,EQ,65.5,68,64,65.85,0.0,65.5,1250,82625,23-JAN-1996,
JKPHARMA,EQ,16.25,16.5,15.9,16,0.0,16.4,1500,24100,23-JAN-1996,
JKSYNTHETC,EQ,25.9,26.45,25,26.35,0.0,25.9,15800,410205,23-JAN-1996,
JKUDYOG,EQ,11,11,11,11,0.0,11.5,100,1100,23-JAN-1996,
JMSHARE,EQ,17,17,17,17,0.0,17.5,100,1700,23-JAN-1996,
JORDENGG,EQ,34.65,34.4,32.25,32.55,0.0,34.65,16400,545420,23-JAN-1996,
JPIND,EQ,25.2,25.25,24.5,25.1,0.0,25.2,128300,3204405,23-JAN-1996,
JYOTISTRUC,EQ,138.75,139.5,138.75,139.25,0.0,140,2300,319750,23-JAN-1996,
KAJARIACER,EQ,119,121.25,117,119,0.0,120,5400,650970,23-JAN-1996,
KAKATCEM,EQ,59,60,57.5,58.8,0.0,59,6150,366860,23-JAN-1996,
KALPATPOWR,EQ,58.25,58.25,58.25,58.25,0.0,61,200,11650,23-JAN-1996,
KALYANBRAK,EQ,82,82,82,82,0.0,80,200,16400,23-JAN-1996,
KALYANISHP,EQ,19.65,19.65,19.65,19.65,0.0,20.25,100,1965,23-JAN-1996,
KALYANISTL,EQ,42.9,43,40.1,40.4,0.0,42.9,1300,54445,23-JAN-1996,
KANAKSTEEL,EQ,4.25,4.05,3.85,4,0.0,4.25,2100,8275,23-JAN-1996,
KANELOIL,EQ,21,21.75,20.5,20.9,0.0,21,5500,115695,23-JAN-1996,
KARURVYSYA,EQ,208,207,201.5,207,0.0,208,1150,235937.5,23-JAN-1996,
KCP,EQ,60,58.75,58.5,58.75,0.0,60,600,35150,23-JAN-1996,
KECINTL,EQ,95,96.5,93.05,95.5,0.0,95,1950,184707.5,23-JAN-1996,
KEDIADIST,EQ,62,62.75,60.05,60.1,0.0,62,1500,92300,23-JAN-1996,
KELVINATOR,EQ,77.35,77,75.5,76.5,0.0,77.35,900,68740,23-JAN-1996,
KERALACHEM,EQ,380,380,380,380,0.0,375,100,38000,23-JAN-1996,
KESARENTER,EQ,28,28,28,28,0.0,30,150,4200,23-JAN-1996,
KESORAMIND,EQ,45,46,45,45,0.0,45.55,1400,63765,23-JAN-1996,
KGDENIM,EQ,15,15.2,15,15,0.0,15,2100,31580,23-JAN-1996,
KHAIHOSTOM,EQ,7.7,7.7,7.55,7.6,0.0,7.8,1400,10690,23-JAN-1996,
KHATJUNKER,EQ,9,9,8.5,8.5,0.0,9.3,150,1325,23-JAN-1996,
KILBUNENGG,EQ,30.5,29.9,29,29.5,0.0,30.5,1100,32380,23-JAN-1996,
KINETICENG,EQ,265,265,261,261,0.0,260,250,66050,23-JAN-1996,
KINGSINTL,EQ,8.75,8.75,8.75,8.75,0.0,9.75,100,875,23-JAN-1996,
KINHONDA,EQ,90,90,88,89.05,0.0,90,800,71065,23-JAN-1996,
KIRANOVER,EQ,9.75,9.6,9,9.5,0.0,9.75,3900,36960,23-JAN-1996,
KIRELECTRI,EQ,42.5,42.5,42.5,42.5,0.0,42.5,100,4250,23-JAN-1996,
KIRLOSELEC,EQ,20.5,20.6,20.5,20.5,0.0,20,600,12310,23-JAN-1996,
KIRLOSFERR,EQ,13.25,13.25,12.5,12.6,0.0,13.25,5000,64900,23-JAN-1996,
KIRLOSKCUM,EQ,318.5,315,310.1,310.1,0.0,318.5,400,125502.5,23-JAN-1996,
KIROILENG,EQ,110,110,110,110,0.0,109.95,150,16500,23-JAN-1996,
KITPLYIND,EQ,37.95,37.95,36.5,37,0.0,36.5,800,29570,23-JAN-1996,
KITSTEEL,EQ,15.75,15.75,15,15.45,0.0,15.6,3500,53365,23-JAN-1996,
KJINTL,EQ,13.5,14.75,13.5,13.5,0.0,13.5,1600,21770,23-JAN-1996,
KOPRAN,EQ,268,275,267.05,272.55,0.0,271.35,1000,270170,23-JAN-1996,
KOTAKMAH,EQ,91.5,91,89.5,90,0.0,91.5,9000,812315,23-JAN-1996,
KOTHARINDL,EQ,21,21.5,21,21.5,0.0,22.5,200,4250,23-JAN-1996,
KOTHARISUG,EQ,31,31.05,31,31,0.0,31,400,12405,23-JAN-1996,
KOTHPIOBLU,EQ,12.85,13,12.85,12.85,0.0,13,1800,23175,23-JAN-1996,
KREBSBIO,EQ,53,53,51.5,52.75,0.0,53,1800,94000,23-JAN-1996,
KRISNAFILA,EQ,106,105,101.1,101.1,0.0,106,1000,103035,23-JAN-1996,
KRONECOMM,EQ,64,67.5,67,67,0.0,64,300,20150,23-JAN-1996,
KUSUMINGOT,EQ,6,6,6,6,0.0,6,100,600,23-JAN-1996,
L&T,EQ,254.1,256.95,240.15,245.75,0.0,254.1,241850,60829577.5,23-JAN-1996,
LAKME,EQ,252,252.25,252,252,0.0,253,150,37812.5,23-JAN-1996,
LAKSHMILL,EQ,520,520,505,505.35,0.0,515,80,41137.5,23-JAN-1996,
LAKSHVILAS,EQ,71.1,72,68.35,68.35,0.0,71.5,2000,141940,23-JAN-1996,
LANCOIND,EQ,10,10,9.9,9.9,0.0,9.1,300,2980,23-JAN-1996,
LANESEDA,EQ,6.45,7,5.7,5.7,0.0,6.3,1200,7705,23-JAN-1996,
LAXMIPREC,EQ,53,53,53,53,0.0,54,100,5300,23-JAN-1996,
LGBROS,EQ,310.15,315.05,310.15,315.05,0.0,320,1050,327372.5,23-JAN-1996,
LIBERTSHOE,EQ,100,102,93,93,0.0,100,300,29500,23-JAN-1996,
LICHSGFIN,EQ,33.75,34.25,32.3,32.5,0.0,33.95,4800,161505,23-JAN-1996,
LKPMERFIN,EQ,26,26,26,26,0.0,26,4400,114400,23-JAN-1996,
LLOYDFIN,EQ,76,77.5,74,76,0.0,79.15,600,45425,23-JAN-1996,
LLOYDMETAL,EQ,80,80,75,75,0.0,78.5,300,23250,23-JAN-1996,
LLOYDSTEEL,EQ,25.1,24.95,24.35,24.5,0.0,25.1,14000,344220,23-JAN-1996,
LML,EQ,81,81,70.6,72.8,0.0,78.45,903500,70268040,23-JAN-1996,
LOKHSG,EQ,70.75,71.95,70.5,70.5,0.0,70.75,2600,185140,23-JAN-1996,
LUPINCHEM,EQ,25.3,26.5,25,26.4,0.0,25.25,2400,61655,23-JAN-1996,
LUPINLAB,EQ,150,151,140,144.75,0.0,147,2200,317905,23-JAN-1996,
LYKALABS,EQ,58,58.25,56,56,0.0,60,700,40425,23-JAN-1996,
M&M,EQ,202,210.5,200.7,207.3,0.0,202,6500,1329955,23-JAN-1996,
MACIND,EQ,23,23,21.35,21.4,0.0,22.5,400,8775,23-JAN-1996,
MADHUSYNTX,EQ,38,41.15,38,41.15,0.0,38,200,7915,23-JAN-1996,
MADRASALMN,EQ,610,610,610,610,0.0,650,5,3050,23-JAN-1996,
MADRASCEM,EQ,8900,8925,8920,8920,0.0,8900,15,133825,23-JAN-1996,
MADRASMFIN,EQ,5.9,5.9,5.9,5.9,0.0,6,300,1770,23-JAN-1996,
MADRASREFN,EQ,46.1,46.45,45.25,46.1,0.0,46.1,2400,110590,23-JAN-1996,
MAFATLAFIN,EQ,21.5,21.5,20.75,21,0.0,23,1700,35705,23-JAN-1996,
MAHAGRO,EQ,17.2,17.25,16.05,16.2,0.0,17.2,77200,1269290,23-JAN-1996,
MAHAINTL,EQ,15.2,15.6,15.2,15.6,0.0,15.25,300,4640,23-JAN-1996,
MAHALEAS,EQ,18,18,16.9,16.9,0.0,18,5400,94520,23-JAN-1996,
MAHAVIRSPG,EQ,92.05,92,91,91,0.0,92.05,300,27405,23-JAN-1996,
MAHENDSUIT,EQ,7.2,7.2,6.5,6.5,0.0,7.25,3100,20545,23-JAN-1996,
MAHINDUGIN,EQ,40,40,40,40,0.0,42,400,16000,23-JAN-1996,
MAHSCOOTER,EQ,195,195,195,195,0.0,190,100,19500,23-JAN-1996,
MAHSEAMLES,EQ,24.85,25,24.75,25,0.0,24.85,5100,126510,23-JAN-1996,
MAJESAUTO,EQ,53,54,51,51,0.0,53,500,26210,23-JAN-1996,
MALWACOTT,EQ,152,152,152,152,0.0,160,50,7600,23-JAN-1996,
MANALIPET,EQ,7.75,8,7.6,7.95,0.0,7.6,7000,54965,23-JAN-1996,
MANALUMN,EQ,15,15.25,14.95,15.25,0.0,15,300,4520,23-JAN-1996,
MANGLMCEM,EQ,37,38.8,37,37.5,0.0,37,550,20960,23-JAN-1996,
MANGTIMBER,EQ,10,10.35,9,9.35,0.0,9.95,2500,23870,23-JAN-1996,
MARALOVER,EQ,24.1,24.7,24,24.5,0.0,24.1,1000,24335,23-JAN-1996,
MARDIACHEM,EQ,40,41,40,40,0.0,40,900,36245,23-JAN-1996,
MARNITPOLY,EQ,9,9,8.75,8.75,0.0,9.3,200,1775,23-JAN-1996,
MARUTIORGN,EQ,76.6,76.75,75.5,76.75,0.0,76.6,7200,551580,23-JAN-1996,
MASTEK,EQ,217.95,216.95,216.95,216.95,0.0,217.95,100,21695,23-JAN-1996,
MASTERSHAR,EQ,12.4,12.45,12.05,12.2,0.0,12.4,92600,1140755,23-JAN-1996,
MASTGAIN92,EQ,9.7,9.85,9.65,9.7,0.0,9.7,221000,2146040,23-JAN-1996,
MASTGROW93,EQ,7.9,7.9,7.65,7.9,0.0,7.9,16000,124620,23-JAN-1996,
MASTPLUS91,EQ,10.4,10.35,10.2,10.3,0.0,10.4,109800,1128900,23-JAN-1996,
MATHPLATT,EQ,15,15,14.95,14.95,0.0,15.25,400,5990,23-JAN-1996,
MAX,EQ,242.55,239.9,235.05,235.55,0.0,242.55,900,213172.5,23-JAN-1996,
MAXORCHARD,EQ,28,29.95,26.75,27.85,0.0,27.5,4100,112045,23-JAN-1996,
MAZDALEASE,EQ,28.05,30,28,29.5,0.0,30,2400,69740,23-JAN-1996,
MBIND,EQ,18.75,18.75,18,18.25,0.0,19.25,6400,118500,23-JAN-1996,
MCDOWELL,EQ,28,28.35,27,27.25,0.0,27.55,2900,80200,23-JAN-1996,
MCLEODRUS,EQ,136.55,145,132,132,0.0,136.55,750,103827.5,23-JAN-1996,
MERIND,EQ,160,160,160,160,0.0,160,100,16000,23-JAN-1996,
MESCOPHARM,EQ,32.85,33.5,31.35,33,0.0,32.85,1900,61945,23-JAN-1996,
METALPIPE,EQ,23,23,23,23,0.0,23,100,2300,23-JAN-1996,
METAZINC,EQ,11.25,11.75,11,11.45,0.0,11.25,6900,78535,23-JAN-1996,
METROCHEM,EQ,64.55,67.5,64.25,64.4,0.0,66.9,600,39355,23-JAN-1996,
MICO,EQ,5850,5850,5850,5850,0.0,5815,25,146250,23-JAN-1996,
MICROPLANT,EQ,47,47,47,47,0.0,47,500,23500,23-JAN-1996,
MIDEASTI,EQ,38.95,40,38.5,38.5,0.0,38.95,1800,70845,23-JAN-1996,
MIDEASTSTL,EQ,11.4,11.8,11.05,11.55,0.0,11.9,3400,38985,23-JAN-1996,
MIDINDIA,EQ,8.4,8.4,7.85,8.2,0.0,8.5,700,5585,23-JAN-1996,
MIDWESTIRN,EQ,13.55,14,13.55,13.75,0.0,13.75,800,11000,23-JAN-1996,
MILTONPLAS,EQ,44.3,46.95,44.25,46.95,0.0,46,600,27270,23-JAN-1996,
MIRCELECTR,EQ,100,101,95,101,0.0,105,300,29640,23-JAN-1996,
MODERNDENM,EQ,65,67.95,65,65,0.0,65,3850,250885,23-JAN-1996,
MODERNMAL,EQ,40.15,41,40.5,40.5,0.0,40.15,600,24500,23-JAN-1996,
MODERNWOOL,EQ,50.5,54.95,50,50.2,0.0,50.5,3800,191215,23-JAN-1996,
MODIALKALI,EQ,10.25,10.25,9.8,9.85,0.0,10.1,1750,17762.5,23-JAN-1996,
MODICEMENT,EQ,5.8,6.05,5.6,6.05,0.0,5.8,3700,21760,23-JAN-1996,
MODILUFT,EQ,19.7,19.75,18.9,18.95,0.0,19.7,8000,153890,23-JAN-1996,
MODIOLIVET,EQ,18.55,18.55,17,17,0.0,18.55,1100,19825,23-JAN-1996,
MODIPON,EQ,47,47,46,46.15,0.0,47.25,700,32350,23-JAN-1996,
MODIRUBBER,EQ,54.45,56.8,52.1,54.1,0.0,54.45,11450,625127.5,23-JAN-1996,
MODITHREAD,EQ,4,4.25,4,4.1,0.0,4,1100,4455,23-JAN-1996,
MODRNSYNTX,EQ,36.15,37.4,35.1,35.55,0.0,36.15,14500,525465,23-JAN-1996,
MODTHREAD,EQ,83,82,82,82,0.0,83,2700,221400,23-JAN-1996,
MONNETISPA,EQ,15.75,16,15,15,0.0,15.75,5800,89805,23-JAN-1996,
MONTARIND,EQ,11.25,11.25,11.25,11.25,0.0,10.75,100,1125,23-JAN-1996,
MOOLEXPORT,EQ,29,29,28,28,0.0,28.95,800,23010,23-JAN-1996,
MORARJESPG,EQ,125,125,123,123,0.0,130,200,24900,23-JAN-1996,
MOREPENLAB,EQ,135.95,140,135.95,139.3,0.0,136.5,2300,316700,23-JAN-1996,
MORGANSTAN,EQ,6,6.05,5.95,6,0.0,6,266100,1596910,23-JAN-1996,
MOSERBAER,EQ,12.1,12.25,12,12,0.0,12.1,1600,19385,23-JAN-1996,
MOTOROL,EQ,25,24.75,23.5,23.75,0.0,25,11250,268702.5,23-JAN-1996,
MPGLYCEM,EQ,9.35,9,8.75,9,0.0,9.35,400,3555,23-JAN-1996,
MRF,EQ,1700,1810,1700,1796.25,0.0,1700,950,1685750,23-JAN-1996,
MRINALDYE,EQ,14.5,14.5,13.55,14,0.0,14.55,4800,66840,23-JAN-1996,
MRPL,EQ,27.15,27.5,27,27.05,0.0,27.15,30600,831000,23-JAN-1996,
MRPL,N2,82.1,83.15,81,82.95,0.0,82.1,1050,86800,23-JAN-1996,
MSLIND,EQ,97,97.9,97,97.9,0.0,97,3200,310490,23-JAN-1996,
MSSHOES,EQ,36.5,37.5,35.25,36,0.0,36.5,8700,314145,23-JAN-1996,
MTNL,EQ,153.35,156,153.35,154.55,0.0,155.9,1900,295250,23-JAN-1996,
MUKAND,EQ,170.55,172.9,170.5,170.85,0.0,170,500,85725,23-JAN-1996,
MUKAND,N1,300,300,300,300,0.0,305.5,50,15000,23-JAN-1996,
MUKATPIPE,EQ,20,20.25,20,20,0.0,20,900,18060,23-JAN-1996,
MUNJALSHOW,EQ,244,244,244,244,0.0,238,100,24400,23-JAN-1996,
MURABLACK,EQ,7.25,7.5,6.75,7.25,0.0,7.25,1200,8675,23-JAN-1996,
MYSORECEM,EQ,29.8,30,29.25,29.25,0.0,29.8,1200,35335,23-JAN-1996,
NAGARCONST,EQ,134.95,136,130,133,0.0,134.95,1700,227275,23-JAN-1996,
NAGARFERT,EQ,21.55,21.5,20.5,20.7,0.0,21.55,38400,810365,23-JAN-1996,
NAGARJUFIN,EQ,22,22.25,21.25,21.5,0.0,22,3100,67465,23-JAN-1996,
NAGPURALOY,EQ,39.95,39.95,36.8,36.95,0.0,39,400,15057.5,23-JAN-1996,
NAGPURENG,EQ,44,44,44,44,0.0,46,100,4400,23-JAN-1996,
NAGREKAEXP,EQ,26,26,25,25,0.0,24.5,900,22735,23-JAN-1996,
NAHARENTP,EQ,22,22,22,22,0.0,21.9,1600,35200,23-JAN-1996,
NAHAREXP,EQ,29,29,26.55,26.55,0.0,29.5,1600,44695,23-JAN-1996,
NAHARINTL,EQ,27,27.95,27,27.5,0.0,27,1500,40727.5,23-JAN-1996,
NAHARSPG,EQ,235,237,233,234,0.0,236,1400,327850,23-JAN-1996,
NAHARSUGAR,EQ,17,17.5,16.7,17.5,0.0,17,1300,22110,23-JAN-1996,
NALCO,EQ,18.3,18.3,17.6,17.6,0.0,18.1,1100,19950,23-JAN-1996,
NALCOCHEM,EQ,312,312,312,312,0.0,312,100,31200,23-JAN-1996,
NAMASTEXP,EQ,32.5,32.5,29.5,30.35,0.0,32.5,1500,46270,23-JAN-1996,
NARMDCHEMA,EQ,11.5,11.5,11.25,11.25,0.0,11.6,800,9115,23-JAN-1996,
NATCOLABS,EQ,16,16.2,14.65,14.65,0.0,16.25,2700,40850,23-JAN-1996,
NATCOPHARM,EQ,69.05,69.05,69,69,0.0,69,400,27610,23-JAN-1996,
NATHPULP,EQ,25.25,25.5,23.05,23.05,0.0,25.25,750,18705,23-JAN-1996,
NATHSEEDS,EQ,41.25,41.55,41.25,41.55,0.0,41.4,500,20730,23-JAN-1996,
NATNLSTEEL,EQ,12.4,12.35,12.1,12.15,0.0,12.4,700,8535,23-JAN-1996,
NAVNETPUBL,EQ,175,175,173.05,173.05,0.0,175,800,139610,23-JAN-1996,
NELCO,EQ,15,15,15,15,0.0,16.2,200,3000,23-JAN-1996,
NEPCAGRO,EQ,40.25,41.5,40,40,0.0,40.25,6700,271565,23-JAN-1996,
NEPCMICON,EQ,34.7,35.2,33.05,33.15,0.0,34.7,33100,1125400,23-JAN-1996,
NEPCTEX,EQ,16.5,16.5,15.3,16.2,0.0,16.75,1000,16200,23-JAN-1996,
NESTLE,EQ,273.65,275,267,270,0.0,273.65,1350,367217.5,23-JAN-1996,
NEULANDLAB,EQ,80,80,74.5,74.5,0.0,82.5,800,62145,23-JAN-1996,
NICCOCORP,EQ,25.2,25.25,24.5,24.5,0.0,25.2,2100,52405,23-JAN-1996,
NICOLASPIR,EQ,263,272.7,257.5,257.5,0.0,263,10800,2810502.5,23-JAN-1996,
NIIT,EQ,168.5,168.5,163.05,164.45,0.0,168.5,6200,1034395,23-JAN-1996,
NILKAMPLST,EQ,28,28,28,28,0.0,28.75,100,2800,23-JAN-1996,
NIPPONDENR,EQ,20.05,20,19.45,19.75,0.0,20.05,14200,281067.5,23-JAN-1996,
NIPPONDENS,EQ,79,79,77,77,0.0,80,1100,86700,23-JAN-1996,
NIRAJPETRO,EQ,3.9,3.95,3.8,3.8,0.0,3.7,2200,8610,23-JAN-1996,
NIRLON,EQ,6.85,7,6.85,7,0.0,7.1,1550,10820,23-JAN-1996,
NIRMA,EQ,435,440,432,439.5,0.0,435,1000,435600,23-JAN-1996,
NKIND,EQ,52.55,56.75,52.55,54.6,0.0,53.95,500,26885,23-JAN-1996,
NOCIL,EQ,37.7,38.5,37.2,37.65,0.0,37.7,9550,360217.5,23-JAN-1996,
NOVAELEMAG,EQ,30,30,30,30,0.0,31,300,9000,23-JAN-1996,
NOVAIRNSTL,EQ,6,6.25,5.85,5.85,0.0,6,4600,27765,23-JAN-1996,
NOVASTEEL,EQ,10.7,10.8,10.5,10.55,0.0,10.8,1800,19235,23-JAN-1996,
NOVOPANLTD,EQ,93.5,100,92.5,99.4,0.0,94.2,2350,221422.5,23-JAN-1996,
NRC,EQ,44,45,44,44.25,0.0,44.95,950,42420,23-JAN-1996,
NUCHEM,EQ,12.55,12,11.3,11.75,0.0,12.55,1500,17755,23-JAN-1996,
OBERHOTEL,EQ,57,57,56,56,0.0,59.7,900,50900,23-JAN-1996,
OILCOUNTUB,EQ,9.85,9.9,9.8,9.85,0.0,9.85,12300,121140,23-JAN-1996,
ONGC,EQ,169.2,169.5,168,168,0.0,169.2,6100,1028175,23-JAN-1996,
ONIDASAVAK,EQ,14.2,14.25,14,14.25,0.0,14.15,1600,22635,23-JAN-1996,
ONWARDTEC,EQ,120.5,120.5,108.25,108.25,0.0,114.15,1100,123730,23-JAN-1996,
ORCHIDCHEM,EQ,68.7,69,66.5,68.25,0.0,68.7,3600,243450,23-JAN-1996,
ORIENTBANK,EQ,56.1,56.75,55.75,56.05,0.0,56.1,51900,2907930,23-JAN-1996,
ORIENTCONT,EQ,91,102.5,91,102.5,0.0,100,6000,580500,23-JAN-1996,
ORIENTHOT,EQ,510,507,506.25,506.25,0.0,510,550,278812.5,23-JAN-1996,
ORIENTPRES,EQ,75,77,74.5,74.5,0.0,82.5,400,30155,23-JAN-1996,
ORISSACEM,EQ,225,230,225,230,0.0,230,300,68000,23-JAN-1996,
ORKAY,EQ,13.2,13.25,12.5,12.7,0.0,13.2,81550,1066155,23-JAN-1996,
ORTONSYNTH,EQ,4.5,4.75,4.5,4.75,0.0,4.75,700,3200,23-JAN-1996,
OSWALAGFUR,EQ,20,20,18.85,19.3,0.0,18.85,11500,224920,23-JAN-1996,
OSWALAGRO,EQ,14.3,14.5,14,14.3,0.0,14.3,10150,145062.5,23-JAN-1996,
OSWALSPG,EQ,8.5,8.5,8.5,8.5,0.0,8.95,1000,8500,23-JAN-1996,
OSWALSUG,EQ,10.05,10.05,10,10,0.0,10.05,400,4005,23-JAN-1996,
OTIS,EQ,265,270,261.75,265.75,0.0,265,1050,279912.5,23-JAN-1996,
OTOKLIN,EQ,27,28,26,27.5,0.0,28,1550,42585,23-JAN-1996,
P&G,EQ,444,445,435.3,435.3,0.0,440,1100,483515,23-JAN-1996,
PAAMDRUG,EQ,21,20.5,19,19.65,0.0,21,3100,61325,23-JAN-1996,
PAAMPHARMA,EQ,32,32.5,31.75,31.75,0.0,32.1,1900,60800,23-JAN-1996,
PACIFICIND,EQ,17.45,18,17.45,18,0.0,17.9,1900,33610,23-JAN-1996,
PADMINPOLY,EQ,67.5,68.6,64.5,64.5,0.0,69.5,2900,193515,23-JAN-1996,
PANASIGLOB,EQ,33.15,33.15,33.15,33.15,0.0,37,100,3315,23-JAN-1996,
PANCHMACEM,EQ,4.65,4.5,4.25,4.25,0.0,4.65,13400,58530,23-JAN-1996,
PANYAMCEM,EQ,787.5,790,770,787,0.0,787.5,155,121098.5,23-JAN-1996,
PAREKHPLAT,EQ,98,99,98,98,0.0,98,2200,215700,23-JAN-1996,
PARKEDAVIS,EQ,107,109.75,106.5,109.75,0.0,105.5,250,26837.5,23-JAN-1996,
PARSSYNTH,EQ,24,24,24,24,0.0,24,100,2400,23-JAN-1996,
PASUPATSPG,EQ,58,58,57.5,58,0.0,58,1700,98100,23-JAN-1996,
PASUPTACRY,EQ,4.65,4.65,4.35,4.4,0.0,4.65,20500,92180,23-JAN-1996,
PATHEJAFOR,EQ,66,67,66,67,0.0,66,400,26700,23-JAN-1996,
PATSPINLTD,EQ,17.05,17,16,16,0.0,17.05,3700,60940,23-JAN-1996,
PCL,EQ,36.15,36.5,34.5,34.5,0.0,36.15,1100,39335,23-JAN-1996,
PDUMJEPULP,EQ,105,105.5,105,105,0.0,107.05,200,21050,23-JAN-1996,
PEACOCKIND,EQ,97,98.95,96,98.75,0.0,97.25,1400,136350,23-JAN-1996,
PEARLENGIN,EQ,11.2,11.75,11.2,11.55,0.0,11.5,12800,147550,23-JAN-1996,
PEARLGLOBL,EQ,42,45,42,45,0.0,45.5,800,34500,23-JAN-1996,
PEARLPOLY,EQ,25.1,25.8,24,25.15,0.0,25.55,8700,218500,23-JAN-1996,
PEERLESHIP,EQ,21.75,21.75,20,20,0.0,21.5,6200,126135,23-JAN-1996,
PENAPATSEC,EQ,19,19.3,19,19,0.0,19,1200,23010,23-JAN-1996,
PENNARALUM,EQ,15.8,15.8,14.95,14.95,0.0,15.75,800,12360,23-JAN-1996,
PENTFRPROD,EQ,23.8,24.4,23.3,23.7,0.0,23.8,5000,118210,23-JAN-1996,
PENTFRSOLC,EQ,31,31,29.55,29.8,0.0,31,1600,48545,23-JAN-1996,
PENTSFWARE,EQ,115.25,115.95,113.5,113.6,0.0,115.25,1700,194455,23-JAN-1996,
PFIMXPHARM,EQ,9,9.5,9,9,0.0,10,900,8200,23-JAN-1996,
PFIZER,EQ,198,198,188.5,189.25,0.0,195,900,174100,23-JAN-1996,
PHILCORP,EQ,40,40.85,39.95,40.85,0.0,40.05,2900,117910,23-JAN-1996,
PHILIPCARB,EQ,34.95,35,32.5,32.5,0.0,33,600,19995,23-JAN-1996,
PHILIPS,EQ,128,129,125,128,0.0,128,1200,153980,23-JAN-1996,
PHOENIXLMP,EQ,13,13.1,12.9,12.95,0.0,12.75,2500,32505,23-JAN-1996,
PHOENXINTL,EQ,57,57,55.5,55.5,0.0,58,2300,128080,23-JAN-1996,
PICCADSUG,EQ,5.75,5.9,5.6,5.9,0.0,5.8,700,4040,23-JAN-1996,
PIDILITIND,EQ,308,308.95,308,308.2,0.0,308,1200,369790,23-JAN-1996,
PITTIECEM,EQ,68,66.3,65,65,0.0,68,1000,65665,23-JAN-1996,
PODARPIGMT,EQ,7.25,7.5,7,7.4,0.0,7.25,1900,13825,23-JAN-1996,
POLARIND,EQ,90,91,90,90.5,0.0,90.7,1900,172525,23-JAN-1996,
POLYCHEM,EQ,12.95,12.95,12.95,12.95,0.0,13.65,200,2590,23-JAN-1996,
POLYPLEX,EQ,58.1,58.45,56.05,56.6,0.0,58.1,3300,189440,23-JAN-1996,
PONDS,EQ,805,807,795,804.4,0.0,805,2400,1930550,23-JAN-1996,
PONNISUG,EQ,10.05,10.3,10,10,0.0,10.05,750,7595,23-JAN-1996,
POWMEXSTL,EQ,4.85,4.85,4.6,4.75,0.0,4.85,5000,23545,23-JAN-1996,
PPIL,EQ,32,32,31.75,31.75,0.0,32,200,6375,23-JAN-1996,
PRAGBOSIMI,EQ,6,5.85,5.4,5.5,0.0,6,7600,42495,23-JAN-1996,
PRAKASH,EQ,75.25,76,72.5,74.25,0.0,75.25,5500,406485,23-JAN-1996,
PRECSNFAST,EQ,78,80,78,78,0.0,78,1200,94600,23-JAN-1996,
PRECWIRE,EQ,37.15,37.15,37.15,37.15,0.0,39,100,3715,23-JAN-1996,
PREMAUTO,EQ,43,44.75,43,44.7,0.0,43,4300,188657.5,23-JAN-1996,
PREMAUTOEL,EQ,76,79,76,79,0.0,76,1400,107875,23-JAN-1996,
PREMINSTR,EQ,156,158,156,156,0.0,152,550,86200,23-JAN-1996,
PREMVINYL,EQ,16.7,17,15.55,17,0.0,17.25,800,13180,23-JAN-1996,
PRESSMAN,EQ,28.5,28.5,28.5,28.5,0.0,27,100,2850,23-JAN-1996,
PRIMESEC,EQ,30,31.4,29,29.5,0.0,30,5700,170335,23-JAN-1996,
PRISMCEM,EQ,7.95,7.9,7.3,7.3,0.0,7.95,11000,82055,23-JAN-1996,
PRIYADCEM,EQ,23.6,24.1,23.6,24,0.0,23.6,13500,322970,23-JAN-1996,
PRUDENTCM,EQ,41.9,41.95,40,40.15,0.0,41.9,6400,261220,23-JAN-1996,
PRUDMOULI,EQ,28.8,29,27.6,27.6,0.0,28.8,2500,71210,23-JAN-1996,
PSIDATALTD,EQ,7.5,7.95,7.45,7.5,0.0,8.25,1900,14270,23-JAN-1996,
PUNALKALI,EQ,28,28,28,28,0.0,29.1,50,1400,23-JAN-1996,
PUNJABTRAC,EQ,411,411,411,411,0.0,409,50,20550,23-JAN-1996,
PUNJABWIRE,EQ,138,138,135,136,0.0,138.5,1400,191150,23-JAN-1996,
PUNJABWOOL,EQ,44.85,44.3,40.55,41.75,0.0,44.85,900,37282.5,23-JAN-1996,
PUNJCOMMU,EQ,105,107,103.15,104.1,0.0,105,1100,116530,23-JAN-1996,
RAASICEM,EQ,114.85,115,105,108.65,0.0,114.85,7650,859912.5,23-JAN-1996,
RADKHAITAN,EQ,8.4,9,8.4,9,0.0,9.1,3000,26370,23-JAN-1996,
RAJASBREW,EQ,11,10.9,10.2,10.2,0.0,11,3700,39190,23-JAN-1996,
RAJASPETRO,EQ,16,16,16,16,0.0,16.25,300,4800,23-JAN-1996,
RAJASPOLY,EQ,7.85,7.85,7.55,7.55,0.0,7.6,600,4590,23-JAN-1996,
RAJASSPG,EQ,94.1,94.1,94,94,0.0,96,400,37615,23-JAN-1996,
RAJINPIPE,EQ,38.5,40.25,38.5,40.25,0.0,40,700,27175,23-JAN-1996,
RAJINSTEEL,EQ,31.85,32,31.85,31.85,0.0,31.85,2800,89195,23-JAN-1996,
RAJSREESUG,EQ,17.5,17.6,17,17.1,0.0,17.55,6100,105840,23-JAN-1996,
RAJSREPOLY,EQ,13.1,13.5,13,13.1,0.0,13.5,7900,104500,23-JAN-1996,
RALLIS,EQ,261,261,261,261,0.0,261,100,26100,23-JAN-1996,
RAMADHOTEL,EQ,30,30,28.55,30,0.0,30,700,20795,23-JAN-1996,
RAMANEWSPR,EQ,8.85,9.15,8.6,8.7,0.0,8.85,28500,254740,23-JAN-1996,
RAMAPETRO,EQ,39.05,40,37.75,38.4,0.0,39,4400,172155,23-JAN-1996,
RAMAPHOSP,EQ,12,12.5,12,12.5,0.0,13,700,8600,23-JAN-1996,
RAMAVISION,EQ,9.95,9.95,9.6,9.6,0.0,9.95,800,7745,23-JAN-1996,
RANASUG,EQ,6,6.5,6,6.5,0.0,6,1400,8850,23-JAN-1996,
RANBAXY,EQ,652.9,660,625.05,638.6,0.0,652.9,18200,11639977.5,23-JAN-1996,
RANBAXY,N1,177.25,177.25,177,177,0.0,177.6,160,28335,23-JAN-1996,
RANEMADRAS,EQ,275,280,275,275,0.0,275,800,221750,23-JAN-1996,
RANKAQUA,EQ,17.1,17.45,17.1,17.45,0.0,17.8,2000,34630,23-JAN-1996,
RASLAMIPAK,EQ,10.85,10.95,10.5,10.65,0.0,10.85,5000,53940,23-JAN-1996,
RATNABLDG,EQ,50.5,50.95,46.55,50,0.0,51,400,19800,23-JAN-1996,
RAYMOND,EQ,268,268.25,265.75,267.55,0.0,268,2050,548692.5,23-JAN-1996,
RAYMONDSYN,EQ,8.4,8.4,8,8,0.0,8.4,11100,90870,23-JAN-1996,
READYFOOD,EQ,5,5.4,5,5.2,0.0,5.15,2000,10380,23-JAN-1996,
REALVALAPL,EQ,22.9,22.45,21.75,22.25,0.0,22.9,3800,83910,23-JAN-1996,
RECKCOLMAN,EQ,207.45,207,198.05,198.05,0.0,207.45,1000,203160,23-JAN-1996,
REILPROD,EQ,8.75,8.75,8.75,8.75,0.0,8.95,100,875,23-JAN-1996,
RELCAPITAL,EQ,77.75,78,72,73.05,0.0,77.75,95900,7289860,23-JAN-1996,
RELIANCE,EQ,174.1,174.85,157,166.15,0.0,173.5,12671700,2162749772.5,23-JAN-1996,
RELIANCE,N1,69.75,70.05,69.75,70,0.0,69.7,1380,96589,23-JAN-1996,
RELIANCE,N2,125,125.55,125,125.55,0.0,125.6,90,11294,23-JAN-1996,
RELIANCE,NB,101,101.05,100,101.05,0.0,100,350,35280,23-JAN-1996,
RELPETRO,E1,8,8.25,7.75,8.15,0.0,8.1,24300,197325,23-JAN-1996,
RELPETRO,EQ,13.4,13.65,13.05,13.2,0.0,13.4,60500,808625,23-JAN-1996,
RELPETRO,N1,10.5,10.5,10,10.2,0.0,10.45,24200,246985,23-JAN-1996,
REMIMETAL,EQ,6,6,5.4,5.45,0.0,6,7900,44195,23-JAN-1996,
RENCOGEAR,EQ,19.6,19.95,18.8,19.15,0.0,19.6,11000,210535,23-JAN-1996,
REPLENGINE,EQ,39.5,40,39,40,0.0,39.5,1300,51220,23-JAN-1996,
RHONEPOULN,EQ,410.05,410.05,410.05,410.05,0.0,410,50,20502.5,23-JAN-1996,
RICHSILK,EQ,3.4,3.4,3.1,3.2,0.0,3.4,4000,13025,23-JAN-1996,
RICOAUTO,EQ,108,108,108,108,0.0,108,100,10800,23-JAN-1996,
RIIL,EQ,40,40,36,36,0.0,37,1400,52675,23-JAN-1996,
ROLATAN,EQ,98.5,92,92,92,0.0,98.5,100,9200,23-JAN-1996,
ROLTA,EQ,18.75,18.95,18.3,18.7,0.0,18.75,10900,202070,23-JAN-1996,
ROMIND,EQ,20,20,19.25,19.25,0.0,20,800,15925,23-JAN-1996,
ROYALCUSHN,EQ,104.5,108,106,107.35,0.0,104.5,500,53400,23-JAN-1996,
ROYALENFLD,EQ,33,33,33,33,0.0,34.75,100,3300,23-JAN-1996,
RUBFILINTL,EQ,8.85,8.75,8.25,8.25,0.0,8.85,1700,14285,23-JAN-1996,
RUCHISOYA,EQ,30,29.75,29,29.1,0.0,30,3500,102870,23-JAN-1996,
RUCHISTRIP,EQ,5.85,5.95,5.8,5.9,0.0,5.6,900,5270,23-JAN-1996,
S&SIND,EQ,16,16.5,16,16.25,0.0,16.1,2400,38525,23-JAN-1996,
S&SPOWER,EQ,145,150.5,145,149.35,0.0,145,1850,274350,23-JAN-1996,
SABERORGAN,EQ,20.75,20.75,20.75,20.75,0.0,21,500,10375,23-JAN-1996,
SAELTD,EQ,101,102,101,102,0.0,101,400,40675,23-JAN-1996,
SAIL,EQ,23.5,24.95,23,23.8,0.0,24.25,5200,123150,23-JAN-1996,
SAISERVICE,EQ,54,54,54,54,0.0,58,500,27000,23-JAN-1996,
SAITELE,EQ,67,63.5,63,63.5,0.0,67,700,44200,23-JAN-1996,
SAKHTISUG,EQ,32.25,32.25,32.25,32.25,0.0,32.5,850,27412.5,23-JAN-1996,
SAMTEL,EQ,33,34.5,33,33,0.0,34,600,20010,23-JAN-1996,
SAMTELTD,EQ,63,63,62.7,63,0.0,63,1950,122735,23-JAN-1996,
SANDERIND,EQ,7.3,7.4,7.15,7.4,0.0,7.3,1600,11670,23-JAN-1996,
SANDOZ,EQ,354,354,351,351,0.0,350,100,35250,23-JAN-1996,
SANDVIKAS,EQ,1670,1680,1670,1676.25,0.0,1681,70,117321.5,23-JAN-1996,
SANGHIPOLY,EQ,21.75,22.4,21.75,22.2,0.0,21.75,26400,580345,23-JAN-1996,
SATNAMOVER,EQ,34.7,34.6,31.25,31.7,0.0,34.7,12700,412030,23-JAN-1996,
SATYAMCEM,EQ,33,33,31.55,31.7,0.0,33.05,33500,1083545,23-JAN-1996,
SATYAMCOMP,EQ,37,37.9,35.75,37,0.0,37,8300,304545,23-JAN-1996,
SAURASHCEM,EQ,59.9,60,54.5,54.5,0.0,60,300,17445,23-JAN-1996,
SAVITACHEM,EQ,57.5,62,57.5,59.5,0.0,59.5,800,48040,23-JAN-1996,
SAWPIPES,EQ,141.4,142,139,141.05,0.0,141.4,2700,380605,23-JAN-1996,
SBIHOMEFIN,EQ,36.25,38,38,38,0.0,36.25,1400,53200,23-JAN-1996,
SBIMAG93,EQ,9.65,9.7,9.6,9.7,0.0,9.65,227900,2205225,23-JAN-1996,
SBIMAGEX91,EQ,8,8.3,7.9,8.3,0.0,8.4,6100,49700,23-JAN-1996,
SBIMAGNM90,EQ,11.4,11.45,11.2,11.35,0.0,11.4,15000,169360,23-JAN-1996,
SBIMAGTP91,EQ,147.5,146,145.5,145.5,0.0,147.5,460,67030,23-JAN-1996,
SBIN,EQ,194.9,198.95,192.5,195.2,0.0,193.15,12293800,2412155465,23-JAN-1996,
SCICI,EQ,36.1,36.25,35,35.65,0.0,36.1,10100,361680,23-JAN-1996,
SEARLEIND,EQ,117.1,116.5,113.5,115.9,0.0,117.1,2150,247595,23-JAN-1996,
SERENDYSTF,EQ,11,10.4,10.05,10.05,0.0,11,2600,26950,23-JAN-1996,
SESAGOA,EQ,393.3,394,391.05,391.05,0.0,393.3,200,78577.5,23-JAN-1996,
SESHAPAPER,EQ,69.95,70,67,69.35,0.0,70,1200,83395,23-JAN-1996,
SHAANINTER,EQ,35,35,35,35,0.0,35,600,21000,23-JAN-1996,
SHAMKNSPIN,EQ,7.6,7.5,7.3,7.5,0.0,7.6,1800,13380,23-JAN-1996,
SHARTSEFOD,EQ,5.3,5.35,5.2,5.35,0.0,5.35,4300,22745,23-JAN-1996,
SHASUNCHEM,EQ,53.95,55,51.65,52.05,0.0,53.45,5200,274705,23-JAN-1996,
SHAWALLACE,EQ,52,52,49.4,49.4,0.0,50.75,500,25260,23-JAN-1996,
SHREDIGCEM,EQ,40,40,38,38,0.0,41.5,350,13900,23-JAN-1996,
SHREECEM,EQ,48,47,43,43,0.0,48,700,31625,23-JAN-1996,
SHREEKRPET,EQ,37,38,35.75,37.05,0.0,37,2650,97575,23-JAN-1996,
SHREEKRPOL,EQ,32,33,32,32,0.0,34,600,19500,23-JAN-1996,
SHRENUJ,EQ,38.5,39,38.5,39,0.0,37.75,200,7750,23-JAN-1996,
SHREPRECOT,EQ,9.6,9.6,9.6,9.6,0.0,9.75,200,1920,23-JAN-1996,
SHREYANIND,EQ,56.5,53.05,53,53,0.0,56.5,150,7952.5,23-JAN-1996,
SHREYASHIP,EQ,19.5,19.5,19,19,0.0,19.85,1300,24900,23-JAN-1996,
SHRIDINESH,EQ,775,775,775,775,0.0,790,15,11625,23-JAN-1996,
SHYAMTELE,EQ,72,72,71.05,71.05,0.0,75,600,43105,23-JAN-1996,
SIEMENS,EQ,493,489,485.55,485.8,0.0,493,950,462980,23-JAN-1996,
SILTAPCHEM,EQ,360,341,335,341,0.0,360,200,67600,23-JAN-1996,
SILVERLINE,EQ,25.75,25.95,25.1,25.3,0.0,26,8600,219700,23-JAN-1996,
SIMBHALSUG,EQ,15.35,15.3,14.05,15,0.0,15.35,1400,20785,23-JAN-1996,
SIMPLEXCON,EQ,145,155.05,145,145.5,0.0,152.5,4300,652625,23-JAN-1996,
SINGER,EQ,53.75,53.75,53.75,53.75,0.0,52.3,50,2687.5,23-JAN-1996,
SIRIS,EQ,110.05,115.5,110.05,115,0.0,118.25,700,78855,23-JAN-1996,
SIRPAPER,EQ,57,59,57,59,0.0,58,400,23400,23-JAN-1996,
SISHIPPING,EQ,80,81,77,77,0.0,78,400,31900,23-JAN-1996,
SIVIND,EQ,151,152,150,150,0.0,151,850,127600,23-JAN-1996,
SIYARSILK,EQ,55.5,55.5,55.5,55.5,0.0,54,100,5550,23-JAN-1996,
SKFBEARING,EQ,2550,2550,2535.5,2536.05,0.0,2600,20,50785.25,23-JAN-1996,
SKUMARSYNF,EQ,39,45,39,45,0.0,41.5,200,8400,23-JAN-1996,
SMDYECHEM,EQ,7.8,8.25,7.5,8.05,0.0,7.8,4300,33330,23-JAN-1996,
SMFINANC,EQ,9,9,8.9,9,0.0,9.5,800,7170,23-JAN-1996,
SMITHKLPHA,EQ,202,206.5,201.25,202,0.0,204,6550,1324037.5,23-JAN-1996,
SMITKLBECH,EQ,254.45,254.45,240.5,240.5,0.0,247.4,900,219352.5,23-JAN-1996,
SMZSCHEM,EQ,38,38,35.5,36,0.0,37.45,300,10950,23-JAN-1996,
SOLARSNIND,EQ,7.8,7.8,7.3,7.3,0.0,7.75,2000,14965,23-JAN-1996,
SOLPHARMA,EQ,75,74,70,72,0.0,75,2700,194700,23-JAN-1996,
SOMANICEM,EQ,38.5,38.55,38.5,38.55,0.0,40.55,300,11555,23-JAN-1996,
SOMDUTTFIN,EQ,18.5,19,18.35,18.6,0.0,19,18900,350880,23-JAN-1996,
SOMKMARINE,EQ,5.6,6,5.6,6,0.0,5.6,1500,8520,23-JAN-1996,
SONALCOSM,EQ,14.25,14.25,13.7,13.85,0.0,14.3,4900,68425,23-JAN-1996,
SONASTEER,EQ,76,76,75.9,76,0.0,78,500,37980,23-JAN-1996,
SOUTHNHERB,EQ,58.15,57.15,53.75,53.75,0.0,58.15,2900,162225,23-JAN-1996,
SPARTEK,EQ,32.5,32.5,32.5,32.5,0.0,32,500,16250,23-JAN-1996,
SPECIALSTL,EQ,71,71,69,69.55,0.0,68,500,34835,23-JAN-1996,
SPENTXIND,EQ,8,8,8,8,0.0,8.75,200,1600,23-JAN-1996,
SPIC,EQ,48.6,49.25,48.05,48.5,0.0,48.6,9450,457667.5,23-JAN-1996,
SPICFINE,EQ,10.25,10,9.65,9.75,0.0,10.25,4300,41885,23-JAN-1996,
SQRDSFWARE,EQ,39.6,41,39,40.65,0.0,40,3900,156400,23-JAN-1996,
SREERAYALK,EQ,16.2,16.4,16.15,16.3,0.0,16.1,4600,74785,23-JAN-1996,
SREINTFIN,EQ,29.75,29.75,29.5,29.5,0.0,29.5,1300,38525,23-JAN-1996,
SRERAYHY+H,EQ,6.8,6.8,6.8,6.8,0.0,7,500,3400,23-JAN-1996,
SRF,EQ,50,53.25,50,51.2,0.0,50,1300,65960,23-JAN-1996,
SRFFINANCE,EQ,71.5,80.4,71.5,78.7,0.0,73,11900,927120,23-JAN-1996,
SRIVISHCEM,EQ,12.9,12.95,12.5,12.5,0.0,13,3100,39455,23-JAN-1996,
STANDRDBAT,EQ,20,20,20,20,0.0,20.65,100,2000,23-JAN-1996,
STDIND,EQ,17.65,18.5,16.6,17.2,0.0,17.65,3250,57480,23-JAN-1996,
STEELCOGUJ,EQ,5,5.1,4.55,4.75,0.0,4.95,8700,42830,23-JAN-1996,
STERLINHOL,EQ,52,52.5,50,52.35,0.0,52,4500,229820,23-JAN-1996,
STERLINTEA,EQ,30,30,29,29,0.0,30.1,700,20525,23-JAN-1996,
STERLITCOM,EQ,53,54,52.5,52.5,0.0,55,900,47775,23-JAN-1996,
STERLITE,EQ,255.8,257.5,248,250,0.0,255.8,5400,1369135,23-JAN-1996,
SUASHDIMON,EQ,135,138.75,135,138.75,0.0,140,200,27375,23-JAN-1996,
SUBHASPROJ,EQ,161,170,162.05,164,0.0,161,6200,1040170,23-JAN-1996,
SUBROS,EQ,86,86,86,86,0.0,86.5,600,51600,23-JAN-1996,
SUDARSCHEM,EQ,240,240,240,240,0.0,265,50,12000,23-JAN-1996,
SUMITRAPHA,EQ,11.15,12,11.2,12,0.0,11.15,8600,100215,23-JAN-1996,
SUNDARMFIN,EQ,180,182,179.05,180,0.0,180.05,1850,333160,23-JAN-1996,
SUNDRMCLAY,EQ,192.1,192.1,191,191,0.0,192.7,300,57410,23-JAN-1996,
SUNDRMFAST,EQ,515.95,516,510.05,515.5,0.0,515.95,1450,744297.5,23-JAN-1996,
SUNFLAGIRN,EQ,7.2,7.2,6.75,6.9,0.0,7.2,1400,9705,23-JAN-1996,
SUNPHARMA,EQ,210,210,201,209,0.0,210,1300,269280,23-JAN-1996,
SUPERFORGE,EQ,21.75,22,19.6,20,0.0,21.5,2000,41585,23-JAN-1996,
SUPPETRO,EQ,15.3,15.45,15.05,15.3,0.0,15.3,9100,138650,23-JAN-1996,
SUPREMEIND,EQ,301,306.5,301,305.5,0.0,303.9,650,197780,23-JAN-1996,
SURAJDIAMN,EQ,45.8,46.5,45,45,0.0,45.2,5100,231790,23-JAN-1996,
SURATELEC,EQ,162,162,162,162,0.0,163,100,16200,23-JAN-1996,
SURYAGROIL,EQ,4.9,4.9,4.8,4.8,0.0,5,2800,13675,23-JAN-1996,
SURYAROSNI,EQ,43.25,43.25,43,43,0.0,43.25,1800,77425,23-JAN-1996,
SWARAJENG,EQ,280,280.25,280,280.25,0.0,280,300,84025,23-JAN-1996,
SWARAJMAZD,EQ,22.05,22.5,22.05,22.5,0.0,22.5,150,3330,23-JAN-1996,
SWIL,EQ,47,48,48,48,0.0,47,300,14400,23-JAN-1996,
TAINWALCHM,EQ,24,24,22.5,22.5,0.0,24.5,300,7050,23-JAN-1996,
TANEJAERO,EQ,12,12,11.1,12,0.0,12,400,4710,23-JAN-1996,
TANFAC,EQ,23,23,22.05,22.05,0.0,23,300,6805,23-JAN-1996,
TATACHEM,EQ,177.05,178,172,174.95,0.0,177.05,13900,2435160,23-JAN-1996,
TATADVMATL,EQ,20.25,20,20,20,0.0,20.25,200,4000,23-JAN-1996,
TATAELXSI,EQ,20.85,21.35,20.75,20.9,0.0,20.85,4700,98720,23-JAN-1996,
TATAFIN,EQ,41.5,42,41,41,0.0,41.5,1400,57885,23-JAN-1996,
TATAHONEY,EQ,68,69.55,65,69.5,0.0,68,300,20405,23-JAN-1996,
TATAHYDRO,EQ,82.75,85,82.75,84.1,0.0,83.75,2100,175487.5,23-JAN-1996,
TATAMETALI,EQ,17.9,18,17.05,17.8,0.0,18,1100,19340,23-JAN-1996,
TATAPOWER,EQ,124.3,126,123.5,125.75,0.0,124.3,21200,2641975,23-JAN-1996,
TATAPRESS,EQ,250,250,250,250,0.0,250,50,12500,23-JAN-1996,
TATATEA,EQ,258.25,262,240,245.45,0.0,258.25,3550,887685,23-JAN-1996,
TATATELECM,EQ,85,92,84.9,92,0.0,85,900,77240,23-JAN-1996,
TATATIMKEN,EQ,30,30.25,29,30.15,0.0,31.25,1100,32575,23-JAN-1996,
TATAUNISYS,EQ,290.05,295,295,295,0.0,290.05,50,14750,23-JAN-1996,
TATAVASHIS,EQ,31.3,31,30.25,30.65,0.0,31.3,8200,250870,23-JAN-1996,
TATIASKYLN,EQ,11,11,10,10,0.0,11,4400,47610,23-JAN-1996,
TAURUSTAR,EQ,3.9,3.9,3.6,3.8,0.0,4,11400,42780,23-JAN-1996,
TELCO,EQ,380.05,380,369.5,370.05,0.0,380.05,7050,2642917.5,23-JAN-1996,
TELEPHNCAB,EQ,19.5,19.55,19,19.15,0.0,19.05,2500,47985,23-JAN-1996,
TEXTOOL,EQ,182,186,182,185.35,0.0,187,450,83175,23-JAN-1996,
TFCILTD,EQ,14.5,14.95,14.25,14.5,0.0,14.5,2000,28870,23-JAN-1996,
THAPARAGRO,EQ,6.5,6.5,6,6.3,0.0,6.5,2600,16320,23-JAN-1996,
THAPARMILK,EQ,5.7,5.7,5.7,5.7,0.0,6,600,3420,23-JAN-1996,
THERMAX,EQ,325,335,323,330.85,0.0,325.85,209900,68976260,23-JAN-1996,
THIRUSUGAR,EQ,82,82,82,82,0.0,81.75,200,16400,23-JAN-1996,
THOMASCOOK,EQ,476,480,455,455.7,0.0,476,1050,487150,23-JAN-1996,
TIMESGUARN,EQ,27,27.95,25,27,0.0,27,1000,26875,23-JAN-1996,
TIMEXWATCH,EQ,41.9,42.4,40.5,41.95,0.0,41.9,5400,223355,23-JAN-1996,
TINPLATE,EQ,21.75,22.25,20.5,20.5,0.0,21.75,3300,72550,23-JAN-1996,
TIRUMALCHM,EQ,99.5,100.5,99,99.6,0.0,99.5,1450,144775,23-JAN-1996,
TISCO,EQ,167.75,169.8,160,162.4,0.0,169.1,940550,156283932.5,23-JAN-1996,
TISCO,N1,406.3,407.7,405.75,407.4,0.0,406.3,1970,800960.5,23-JAN-1996,
TITAN,EQ,110,108,101,101.75,0.0,110,1600,168200,23-JAN-1996,
TNPETRO,EQ,25.5,25.5,25.05,25.3,0.0,25.5,6100,153990,23-JAN-1996,
TNTELE,EQ,9.9,9.9,9,9,0.0,9.5,300,2790,23-JAN-1996,
TOKYOPLAST,EQ,24.65,25.95,24.65,25.35,0.0,24.65,172400,4317910,23-JAN-1996,
TOLANIBULK,EQ,9,9.5,8.3,8.3,0.0,8.75,1000,8940,23-JAN-1996,
TORNTPHARM,EQ,150,154,145,149,0.0,148,700,104075,23-JAN-1996,
TORRENGUJ,EQ,16.15,16.5,16,16.05,0.0,16.15,3200,52090,23-JAN-1996,
TORRENGUJ,N1,48.5,48.5,48.5,48.5,0.0,49,1200,58200,23-JAN-1996,
TRANSPEK,EQ,110.55,110,104.5,104.5,0.0,110.55,450,48450,23-JAN-1996,
TRIVENIENG,EQ,55,55,52.25,53,0.0,56.95,600,32250,23-JAN-1996,
TRIVENIOIL,EQ,12.6,13.5,12.6,12.75,0.0,12.65,4800,61965,23-JAN-1996,
TRIVENSHET,EQ,48,52.8,52.8,52.8,0.0,48,50,2640,23-JAN-1996,
TTKPRESTIG,EQ,61,62.75,61,62,0.0,62.05,900,55925,23-JAN-1996,
TUBEINVEST,EQ,104,110,100,107.25,0.0,104,25600,2618482.5,23-JAN-1996,
TUTICORALK,EQ,20.1,20.25,20.05,20.05,0.0,20,700,14060,23-JAN-1996,
TVSELEC,EQ,25,25.6,25,25.5,0.0,25.75,4700,118290,23-JAN-1996,
TVSSUZUKI,EQ,203,203,200.5,203,0.0,203,1600,324225,23-JAN-1996,
TVSWHIRL,EQ,20,20.5,18.75,20.3,0.0,20,3300,65745,23-JAN-1996,
UBENGG,EQ,25,26,24.4,24.4,0.0,25,400,10140,23-JAN-1996,
UBPETRO,EQ,4.75,4.75,4.75,4.75,0.0,5,200,950,23-JAN-1996,
UCALFUEL,EQ,110,110,108.3,108.35,0.0,110.6,500,54345,23-JAN-1996,
UGS2000,EQ,14.55,14.85,14.5,14.7,0.0,14.85,7400,108605,23-JAN-1996,
UGS5000,EQ,11.4,11.5,11.3,11.35,0.0,11.4,5700,65075,23-JAN-1996,
UNICHEMLAB,EQ,210.05,210.05,210,210,0.0,230,150,31505,23-JAN-1996,
UNIFLEX,EQ,41.9,42,41.9,42,0.0,43,800,33590,23-JAN-1996,
UNIONCARBI,EQ,173,173,173,173,0.0,164.75,100,17300,23-JAN-1996,
UNIPLAS,EQ,18.5,18.75,17.95,18.15,0.0,19,20200,367355,23-JAN-1996,
UNITECH,EQ,103.45,103.45,103.45,103.45,0.0,102,200,20690,23-JAN-1996,
UNITEDBREW,EQ,37.3,41,36,38.2,0.0,37.3,9500,359570,23-JAN-1996,
UNITEDPHOS,EQ,223.5,225.95,212.5,213.95,0.0,223.5,3300,720905,23-JAN-1996,
UNITEDPHOS,N1,99.05,99.05,99.05,99.05,0.0,102,10,990.5,23-JAN-1996,
UNIVCABLES,EQ,47,47,47,47,0.0,51.25,100,4700,23-JAN-1996,
UNIWESTBNK,EQ,34.25,35,33.6,34.35,0.0,34.25,4400,150925,23-JAN-1996,
UNIWORTINT,EQ,16.5,17,16.5,16.85,0.0,16.6,1300,21700,23-JAN-1996,
UPCOMCABLE,EQ,30,30,27.35,27.35,0.0,30.45,300,8735,23-JAN-1996,
UPERGANGES,EQ,65,65.1,65,65.1,0.0,66,500,32540,23-JAN-1996,
USHABELTRO,EQ,103,103,103,103,0.0,110,100,10300,23-JAN-1996,
USHAINDIA,EQ,14.7,15,14.5,14.8,0.0,14.8,10300,152670,23-JAN-1996,
USHAISPAT,EQ,84.25,84.25,77,78,0.0,79.95,500,40150,23-JAN-1996,
UTTAMSTL,EQ,14.65,14.65,14.15,14.65,0.0,14.65,5800,84720,23-JAN-1996,
VAMORGANIC,EQ,165,166,160,160,0.0,162.5,300,49000,23-JAN-1996,
VARDHMNSPG,EQ,102,104.25,101,102,0.0,104.2,500,51212.5,23-JAN-1996,
VARUNSEA,EQ,12,12,12,12,0.0,13.25,200,2400,23-JAN-1996,
VARUNSHIP,EQ,20.6,21,20.5,20.5,0.0,20.55,2200,45425,23-JAN-1996,
VATSALTD,EQ,11.3,11.5,10.55,11,0.0,11.25,8200,92130,23-JAN-1996,
VDOCONAPPL,EQ,47.5,48.75,45,45.25,0.0,47.5,4500,207775,23-JAN-1996,
VDOCONINTL,EQ,63.65,63.75,62,62.05,0.0,63.65,2600,163420,23-JAN-1996,
VDOLEASE,EQ,120,121,118,118,0.0,124,700,83800,23-JAN-1996,
VDONARMAD,EQ,9,8.85,8.45,8.5,0.0,9,20900,180300,23-JAN-1996,
VENUSUGAR,EQ,6.6,6.75,6.4,6.75,0.0,6.8,1400,9145,23-JAN-1996,
VESUVIUS,EQ,40,40,39,39.25,0.0,40.6,1200,47450,23-JAN-1996,
VIBRANTINV,EQ,21.15,21.25,20.25,20.45,0.0,21.15,58600,1209575,23-JAN-1996,
VIDANIAGRO,EQ,8,8,8,8,0.0,8.8,1000,8000,23-JAN-1996,
VIDIANIENG,EQ,50,50,45.25,46.5,0.0,47,1900,87075,23-JAN-1996,
VIKASHYB,EQ,39.15,38,37,37,0.0,39.15,600,22300,23-JAN-1996,
VIKASWSP,EQ,102.25,102.5,100.25,102.25,0.0,102.2,8900,903305,23-JAN-1996,
VIKRAMPROJ,EQ,10,10,9.55,9.55,0.0,10,7500,72340,23-JAN-1996,
VINDHYATEL,EQ,90,82,81,82,0.0,90,200,16300,23-JAN-1996,
VINYLCHEM,EQ,33,33.7,30.5,31.25,0.0,32.15,3100,97455,23-JAN-1996,
VINYOGCLOT,EQ,11,11,11,11,0.0,11,900,9900,23-JAN-1996,
VIRALSYNTX,EQ,35.1,38.5,35.1,38.5,0.0,38.3,300,11160,23-JAN-1996,
VLSFINANCE,EQ,193.05,195.95,181.35,184.15,0.0,195,7000,1323225,23-JAN-1996,
VOLTAS,EQ,64,65,62,64,0.0,64.5,1350,85847.5,23-JAN-1996,
VSTIND,EQ,148,155,148,155,0.0,148,1300,199300,23-JAN-1996,
VXL,EQ,26.45,26.5,25.5,26.45,0.0,25.75,4700,121340,23-JAN-1996,
VXLINSTR,EQ,53,53,53,53,0.0,56,200,10600,23-JAN-1996,
VYSYABANK,EQ,327.65,345,322.1,337.8,0.0,327.65,55050,18235620,23-JAN-1996,
WARRENTEA,EQ,99,100,99,100,0.0,104.95,250,24950,23-JAN-1996,
WARTDEISEL,EQ,211.5,209,202.5,202.5,0.0,211.5,2400,493680,23-JAN-1996,
WATERBASE,EQ,8.95,8.75,8.4,8.45,0.0,8.95,700,5925,23-JAN-1996,
WEIZMANIND,EQ,35,35,35,35,0.0,35.15,300,10500,23-JAN-1996,
WELDFLUX,EQ,18.5,19.1,17.05,17.05,0.0,18.5,7700,137590,23-JAN-1996,
WELSPUNPOL,EQ,80,80.05,80,80.05,0.0,80,400,32010,23-JAN-1996,
WESTHATCH,EQ,62,65,62,65,0.0,62,700,43700,23-JAN-1996,
WESTINDIA,EQ,18.5,18.75,17.1,18.3,0.0,18.5,7100,129530,23-JAN-1996,
WESTNPAQUE,EQ,78.3,81,77.5,78.3,0.0,78.3,1900,149840,23-JAN-1996,
WHEELS,EQ,310,310,310,310,0.0,315,50,15500,23-JAN-1996,
WIDIA,EQ,4021,4021,4021,4021,0.0,4100,5,20105,23-JAN-1996,
WILLARDLTD,EQ,10,10.15,9.35,9.8,0.0,10.25,2400,23812.5,23-JAN-1996,
WIMCO,EQ,33.25,33.9,33,33,0.0,33.45,3850,127757.5,23-JAN-1996,
WIMPLAST,EQ,35,35,35,35,0.0,36,500,17500,23-JAN-1996,
WINSOMYARN,EQ,5.55,5.55,5.5,5.5,0.0,6.05,1000,5545,23-JAN-1996,
WIPRO,EQ,428,420,420,420,0.0,428,200,84000,23-JAN-1996,
WOCKHARDT,EQ,204,204,195.1,202,0.0,204,3600,728530,23-JAN-1996,
WOOLWORTH,EQ,40.85,41.5,40,40,0.0,40.85,2600,106220,23-JAN-1996,
WSIND,EQ,32,33,32,32,0.0,32,400,13100,23-JAN-1996,
WSTCSTPAPR,EQ,77,80,75.3,77.5,0.0,79.5,1700,131972.5,23-JAN-1996,
WYETHLAB,EQ,325,325,325,325,0.0,324.7,500,162500,23-JAN-1996,
XEDDTELCOM,EQ,13.75,14.25,12.9,13.25,0.0,13.75,298000,4101580,23-JAN-1996,
YOGOPHARM,EQ,70.2,73.75,72,73.7,0.0,70.2,60500,4438995,23-JAN-1996,
ZANDUPHARM,EQ,3950,3950,3950,3950,0.0,3950,5,19750,23-JAN-1996,
ZEETELE,EQ,108,110,103,104.95,0.0,108,3200,341955,23-JAN-1996,
ZILONPHARM,EQ,19.7,19.95,18,18.2,0.0,19.7,5800,109450,23-JAN-1996,
ZODIACLOTH,EQ,69,69,66,66,0.0,72.95,200,13500,23-JAN-1996,
ZODJRDMKJ,EQ,52,50.5,50.5,50.5,0.0,52,100,5050,23-JAN-1996,
ZUARIAGRO,EQ,335,335,335,335,0.0,365,100,33500,23-JAN-1996,
