SYMBOL,SERIES,OPEN,HIGH,LOW,CLOSE,LAST,PREVCLOSE,TOTTRDQTY,TOTTRDVAL,TIMESTAMP,
20THCENFIN,EQ,61.5,63,61.05,61.05,61.05,61.5,200,12352.5,29-SEP-1995,
AARTIIND,EQ,51.5,51.5,51.5,51.5,51.5,52.5,100,5150,29-SEP-1995,
ABB,EQ,639,639,632.5,636.1,635,635,900,571985,29-SEP-1995,
ABSIND,EQ,100,100,97.6,98.8,97.6,103,150,14880,29-SEP-1995,
ACC,EQ,3275,3300,3271,3288.7,3300,3275,570,1875695.5,29-SEP-1995,
ADANIEXPO,EQ,600,600,600,600,600,605.05,100,60000,29-SEP-1995,
ADARSHCHEM,EQ,12.25,12.5,12,12.5,12.5,12,4400,54150,29-SEP-1995,
ADITYASPIN,EQ,8,8,7.5,7.5,7.5,8.3,600,4550,29-SEP-1995,
ADVANIORLI,EQ,161,165,161,165,165,159,800,130225,29-SEP-1995,
AEC,EQ,40,40,40,40,40,41,100,4000,29-SEP-1995,
AEGISCHEM,EQ,44,44,42.5,42.65,42.65,43.25,500,21515,29-SEP-1995,
AHMEDELEC,EQ,136,149.85,134,146.05,146.5,147.15,285700,40476720,29-SEP-1995,
AIMCOPEST,EQ,40,40,38,38,38,40,800,30950,29-SEP-1995,
AKARLAMIN,EQ,20,20.25,19.75,20,20,21.5,7100,142575,29-SEP-1995,
AKGACOUST,EQ,39,39,39,39,39,41,100,3900,29-SEP-1995,
ALPHADRUG,EQ,14.85,15,14.75,14.75,14.75,15.15,2100,31200,29-SEP-1995,
ALPICFIN,EQ,163,163,161,161,161,163.5,800,129700,29-SEP-1995,
ALPINEIND,EQ,38.5,38.5,38,38,38,39,400,15350,29-SEP-1995,
ALTOS,EQ,68,69,68,68,68,68.75,1600,109270,29-SEP-1995,
AMARAJABAT,EQ,83,83.9,82,83,83,84,3000,249490,29-SEP-1995,
AMBASARABH,EQ,26.5,26.9,25.5,26.35,26.25,26.55,90600,2386877.5,29-SEP-1995,
AMERICADRY,EQ,39,39,38.1,38.3,38.1,38.1,2500,95850,29-SEP-1995,
AMRUTIND,EQ,36.8,37,36.5,36.75,36.75,36.6,11600,425965,29-SEP-1995,
AMTEKAUTO,EQ,86,87.5,85.5,87.5,87.5,86,1200,103050,29-SEP-1995,
ANAGRAMFIN,EQ,127,127,125,125.25,125,126,200,25225,29-SEP-1995,
ANAMALFIN,EQ,26.5,27,26.5,27,27,27,200,5350,29-SEP-1995,
ANDHRACEM,EQ,10.5,11.5,10.25,11.5,11.5,10.2,1200,12607.5,29-SEP-1995,
ANDHRAPET,EQ,18.25,18.55,18.25,18.35,18.3,18.6,3500,64420,29-SEP-1995,
ANDRAVALLY,EQ,83.5,87,83.5,85.8,85,86.9,900,76757.5,29-SEP-1995,
ANSALHOUS,EQ,24,24,23.25,23.25,23.25,24.3,300,7125,29-SEP-1995,
ANSALPROP,EQ,99,99,99,99,99,95,300,29700,29-SEP-1995,
APOLLOHOSP,EQ,36,36,36,36,36,34.1,100,3600,29-SEP-1995,
APOLLOTYRE,EQ,140,143,138.35,141.1,141.1,142.4,18100,2565312.5,29-SEP-1995,
APPLECREDT,EQ,86,86.5,81.25,85,85,91.7,1900,161840,29-SEP-1995,
APPLEIND,EQ,47,47.5,45.75,46.25,46.25,48,3600,167575,29-SEP-1995,
APRAYON,EQ,74,74.05,74,74,74,71.15,550,40717.5,29-SEP-1995,
ARAVALISEC,EQ,16,16,16,16,16,16.25,300,4800,29-SEP-1995,
ARVINDMILL,EQ,140.95,146,140,144.9,145,142.05,21150,3013270,29-SEP-1995,
ARVINDPOLY,EQ,23.8,23.8,23.8,23.8,23.8,23.9,100,2380,29-SEP-1995,
ARYAFINFAB,EQ,18,22,18,22,22,20.9,1000,20300,29-SEP-1995,
ASHAPURMIN,EQ,225,225,225,225,225,225,500,112500,29-SEP-1995,
ASHIMASYN,EQ,53,53,51,51.95,51.95,52,3100,160095,29-SEP-1995,
ASHKLEYFIN,EQ,86.5,89,86,88.75,89,85,3400,296990,29-SEP-1995,
ASHOKLEY,EQ,138.5,138.5,134,134,134,140,150,20475,29-SEP-1995,
ASIANCABLE,EQ,27,27,27,27,27,25.5,50,1350,29-SEP-1995,
ASIANCOFFE,EQ,38.5,38.5,38.5,38.5,38.5,39,100,3850,29-SEP-1995,
ASIANCONSO,EQ,15.75,16.5,15.75,16.45,16.5,16.25,1500,24115,29-SEP-1995,
ASIANHOTEL,EQ,213.45,214,210,214,214,215.15,900,191572.5,29-SEP-1995,
ASIANPAINT,EQ,635,637,634.05,634.55,634.55,640,500,317560,29-SEP-1995,
ASILIND,EQ,65,65,65,65,65,67,50,3250,29-SEP-1995,
ASOCALCHOL,EQ,45,45,45,45,45,46,200,9000,29-SEP-1995,
ATASHIND,EQ,13.25,14.3,13.25,14,14,13.05,400,5585,29-SEP-1995,
ATCOIND,EQ,205,205,205,205,205,205,200,41000,29-SEP-1995,
ATLASCOPCO,EQ,200,200,200,200,200,211,100,20000,29-SEP-1995,
ATULPROD,EQ,81,84,81,84,84,84.05,200,16500,29-SEP-1995,
ATVPETRO,EQ,15.5,15.6,15.5,15.6,15.6,16.45,300,4660,29-SEP-1995,
ATVPROJ,EQ,32.5,33,32.5,33,33,32.2,1700,56000,29-SEP-1995,
AUTOCORP,EQ,151.25,151.25,151.25,151.25,151.25,159.75,50,7562.5,29-SEP-1995,
AUTOLEC,EQ,103,103,103,103,103,108,200,20600,29-SEP-1995,
AUTOLITIND,EQ,195,200,195,200,200,197,600,119500,29-SEP-1995,
AUTORIDFIN,EQ,112,115,112,114.75,115,124,300,34150,29-SEP-1995,
BAGWATIGAS,EQ,24,25,23,23.35,23.3,24.9,9200,222105,29-SEP-1995,
BAJAJAUTO,EQ,815.5,826,811,826,825.95,819.5,2750,2259845,29-SEP-1995,
BAJAUTOFIN,EQ,111,115,111,112.5,112.5,112,600,67500,29-SEP-1995,
BALAJIDIST,EQ,232.25,234,232,234,234,234.5,1800,418975,29-SEP-1995,
BALAJIFOOD,EQ,14.55,15,14.5,14.5,14.5,14.9,2300,33905,29-SEP-1995,
BALMLAWRIE,EQ,72.1,72.1,72.1,72.1,72.1,72,100,7210,29-SEP-1995,
BALRAMCHIN,EQ,180,180,180,180,180,180,100,18000,29-SEP-1995,
BANARBEADS,EQ,90,90,90,90,90,90,800,72000,29-SEP-1995,
BANARISUG,EQ,46.25,46.25,46.25,46.25,46.25,45,200,9250,29-SEP-1995,
BANKPUNJAB,EQ,18.25,18.5,18,18.3,18.15,17.9,7200,131785,29-SEP-1995,
BANKRAJAS,EQ,360,370,360,364.6,367,363.45,33700,12219025,29-SEP-1995,
BARATBIJLE,EQ,2660,2660,2600,2600,2600,2670,30,78850,29-SEP-1995,
BARODARAYN,EQ,370,370,360,362.5,360,370,115,42150.25,29-SEP-1995,
BATAINDIA,EQ,77,77,77,77,77,77.5,250,19250,29-SEP-1995,
BELLARYSTL,EQ,23.5,23.5,23.5,23.5,23.5,22.5,200,4700,29-SEP-1995,
BENGALTEA,EQ,30.5,31,30.05,30.05,30.05,30.05,800,24385,29-SEP-1995,
BENTOLCHEM,EQ,60,60,58,58,58,60,900,53800,29-SEP-1995,
BESTAVISON,EQ,31,31,31,31,31,30.5,100,3100,29-SEP-1995,
BETANAPTOL,EQ,51,51,49,49.05,49,50.95,2200,108560,29-SEP-1995,
BGFL,EQ,70,72.5,68,68,68,72.5,1000,70150,29-SEP-1995,
BHANSALENG,EQ,22,22,21.25,21.25,21.25,22,1650,35737.5,29-SEP-1995,
BHARATFORG,EQ,131.5,135,131.5,134.9,135,130.9,1350,180642.5,29-SEP-1995,
BHARATHOT,EQ,180,180.2,180,180.2,180.2,187,150,27020,29-SEP-1995,
BHARATPIPE,EQ,14,15,14,15,15,14,1400,20645,29-SEP-1995,
BHARTITELE,EQ,67.5,67.5,67,67,67,66.5,600,40400,29-SEP-1995,
BHEL,EQ,104,104,104,104,104,101,100,10400,29-SEP-1995,
BHUSANSTL,EQ,73.05,75,73.05,74.5,74.5,73.5,1300,96375,29-SEP-1995,
BIAX,EQ,5.9,6,5.5,5.65,5.5,5.5,7900,45480,29-SEP-1995,
BIHARALLOY,EQ,8.1,8.1,8.1,8.1,8.1,7.25,100,810,29-SEP-1995,
BIHARSPONG,EQ,7,7,6.5,6.85,6.85,7,1400,9640,29-SEP-1995,
BILT,EQ,203,204,203,203,203,203,1000,203200,29-SEP-1995,
BINANIZINC,EQ,132.5,133.95,132,133.95,133.95,131.5,1750,232775,29-SEP-1995,
BINDALAGRO,EQ,17,17.25,16.85,17.2,17.2,17.2,18250,310745,29-SEP-1995,
BIRLA3M,EQ,189.9,189.9,189.9,189.9,189.9,190,100,18990,29-SEP-1995,
BIRLAERIC,EQ,47,47.5,44,47.5,47.5,46.1,1100,50690,29-SEP-1995,
BIRLAJUTE,EQ,190,190,190,190,190,203,100,19000,29-SEP-1995,
BIRLCENFIN,EQ,21.1,21.75,21.1,21.5,21.5,21.7,600,12895,29-SEP-1995,
BLOWPLAST,EQ,192,195,192,195,195,195,200,38850,29-SEP-1995,
BLUEDART,EQ,124,124,124,124,124,128,100,12400,29-SEP-1995,
BLUESTAR,EQ,76,76.25,76,76.25,76.25,75.75,800,60987.5,29-SEP-1995,
BOID2PLANA,EQ,183,186,183,186,186,186.5,150,27600,29-SEP-1995,
BOID2PLANB,EQ,187,187,186,187,187,186.75,260,48580,29-SEP-1995,
BOMDYEING,EQ,340,346,340,342,342,340.1,400,137205,29-SEP-1995,
BOOTSPHARM,EQ,557,558,557,558,558,555.05,100,55750,29-SEP-1995,
BPCL,EQ,272,274,270,270,270,276,400,109000,29-SEP-1995,
BPL,EQ,96.5,99,96,96,96,96,400,38750,29-SEP-1995,
BPLENGG,EQ,39,39.75,39,39.2,39,40,2300,90220,29-SEP-1995,
BPLSANTECH,EQ,26.5,26.5,26.5,26.5,26.5,27,400,10600,29-SEP-1995,
BPLSANUTIL,EQ,24.5,26,24.5,26,26,25,300,7550,29-SEP-1995,
BRITANNIA,EQ,207,208,207,208,208,205.25,600,124300,29-SEP-1995,
BROOKBOND,EQ,270,270.6,269,270,270,268.05,800,215755,29-SEP-1995,
BSES,EQ,131.85,131.85,130,130.9,131.5,131,8900,1161812.5,29-SEP-1995,
BTWIND,EQ,5.35,5.35,5.3,5.3,5.3,5.3,300,1600,29-SEP-1995,
BURRWELCOM,EQ,171,172,171,171,171,171.5,400,68500,29-SEP-1995,
BUWALKASTL,EQ,66.4,68,66.4,67.6,67.9,67.4,21500,1449525,29-SEP-1995,
CADBURY,EQ,360,362.25,360,361.9,362.25,363.85,600,217050,29-SEP-1995,
CAMPALLIED,EQ,50,50,50,50,50,55,100,5000,29-SEP-1995,
CANBONUS,EQ,8.4,8.5,8.35,8.45,8.4,8.35,13300,112365,29-SEP-1995,
CANTRIPLUS,EQ,14.7,14.8,14.7,14.8,14.8,14.85,3100,45670,29-SEP-1995,
CAPRIHANS,EQ,196.5,196.5,196.5,196.5,196.5,196,100,19650,29-SEP-1995,
CARRIERAIR,EQ,176,177,175,176.9,176.9,177,2100,370430,29-SEP-1995,
CASTROL,EQ,458,458.9,456.05,457.5,457.5,458,650,297590,29-SEP-1995,
CEAT,EQ,68,71,68,71,71,70.95,550,38750,29-SEP-1995,
CEATFIN,EQ,32.5,32.5,32,32,32,32,500,16110,29-SEP-1995,
CELESTE,EQ,16.15,16.15,15.5,15.5,15.5,15.9,2200,34480,29-SEP-1995,
CENTAKCHEM,EQ,155,156.75,153,155,155,157,1600,247775,29-SEP-1995,
CENTENKA,EQ,1950,1970,1950,1970,1970,2050,25,49050,29-SEP-1995,
CENTEXTRU,EQ,36.5,36.5,36.5,36.5,36.5,36,100,3650,29-SEP-1995,
CENTURYTEX,EQ,5525,5600,5525,5595,5595,5551,90,502580,29-SEP-1995,
CESC,EQ,140,141,139,141,141,139.5,650,90550,29-SEP-1995,
CGGLASS,EQ,17,17.25,16.5,17,17,16.75,1500,25400,29-SEP-1995,
CGIGARSH,EQ,16,16,16,16,16,16,200,3200,29-SEP-1995,
CHAMBLFERT,EQ,22,22.15,21.75,21.8,21.8,22,17900,393900,29-SEP-1995,
CHEMNODRUG,EQ,197.5,201,197.5,201,201,200,450,89555,29-SEP-1995,
CHEMOXCHEM,EQ,73.05,75.5,73.05,75.45,75.45,75,700,52522.5,29-SEP-1995,
CHEMOXSEC,EQ,81,81,81,81,81,85,100,8100,29-SEP-1995,
CHESLINTEX,EQ,11.5,11.5,11.5,11.5,11.5,11.8,400,4600,29-SEP-1995,
CHETNADCEM,EQ,406,406,405,405,405,410,300,121650,29-SEP-1995,
CHOKAINTL,EQ,7.5,7.5,7.25,7.5,7.5,7.25,1900,14135,29-SEP-1995,
CHOWGULSTM,EQ,44.1,44.1,43.5,43.55,43.5,44,1700,74630,29-SEP-1995,
CIMCOBIRLA,EQ,40.85,42,40.85,42,42,44.9,600,25080,29-SEP-1995,
CIPLA,EQ,370,370,366,366.8,366.8,363.7,2050,753455,29-SEP-1995,
CITICORSEC,EQ,35,35,35,35,35,34.5,100,3500,29-SEP-1995,
COATVIYELA,EQ,121,125,121,124,124,120,1000,124100,29-SEP-1995,
COCHINREFN,EQ,167.95,167.95,164,166,166,169,500,83145,29-SEP-1995,
COLGATE,EQ,302,302.5,297,298.9,300,302.4,5650,1693147.5,29-SEP-1995,
COMPACDISC,EQ,13,13,12.5,12.5,12.5,12.5,200,2550,29-SEP-1995,
CONTNLCONS,EQ,13.1,13.1,13.1,13.1,13.1,13,400,5240,29-SEP-1995,
COREFBAMLA,EQ,22.5,26,22.5,26,26,25,300,7260,29-SEP-1995,
COREPARENT,EQ,146,146,145,145.5,145.5,147,400,58250,29-SEP-1995,
CRBCAPS,EQ,73,74,73,74,74,76,500,36800,29-SEP-1995,
CRESTCOMM,EQ,46,46,45.05,45.05,45.05,47.5,200,9105,29-SEP-1995,
CRISIL,EQ,165,169,165,169,169,168.1,300,50075,29-SEP-1995,
CROMPGREAV,EQ,185,193.5,185,193.5,193.5,190,10250,1982450,29-SEP-1995,
CROSLANDS,EQ,361,361,360,360,360,375,800,288200,29-SEP-1995,
CTCOTTON,EQ,14.25,14.35,14.25,14.35,14.35,14.35,600,8560,29-SEP-1995,
CYNAMID,EQ,445,445,445,445,445,457,100,44500,29-SEP-1995,
DABUR,EQ,219,220,218.5,219.5,219.5,218.75,600,131640,29-SEP-1995,
DALALSTCOM,EQ,125,125,125,125,125,120,100,12500,29-SEP-1995,
DALMIACEM,EQ,355,375,355,375,375,362,1400,509260,29-SEP-1995,
DAMANIAAIR,EQ,17.3,17.4,16.5,17,17,17.3,7000,118330,29-SEP-1995,
DARTLTD,EQ,90,90,90,90,90,90,100,9000,29-SEP-1995,
DATAPROINF,EQ,15,15,14.6,14.6,14.6,15.4,1100,16460,29-SEP-1995,
DATARSWICH,EQ,201,201,198,198,198,205.25,1100,218100,29-SEP-1995,
DAURALAORG,EQ,13.75,14.1,13.75,14.1,14.1,13.95,1000,14005,29-SEP-1995,
DCLPOLY,EQ,23,24.4,23,24.1,24.4,24,2300,54690,29-SEP-1995,
DCMDAEWOO,EQ,62,63.5,62,63.5,63.5,61.5,1700,106285,29-SEP-1995,
DCMSRMCONS,EQ,204,204.75,204,204.75,204.75,204,5050,1030237.5,29-SEP-1995,
DCW,EQ,51,51,50.25,50.25,50.25,52,250,12637.5,29-SEP-1995,
DECANGRAN,EQ,23,23,23,23,23,23.95,500,11500,29-SEP-1995,
DEEPAKFERT,EQ,18.5,19.6,18.4,19.2,19.5,18.5,4750,88812.5,29-SEP-1995,
DEEPAKSPIN,EQ,39.5,39.75,39,39.75,39.75,38.05,400,15750,29-SEP-1995,
DELTAIND,EQ,97,97,96.5,97,97,105,500,48450,29-SEP-1995,
DENMURFAX,EQ,10,10.25,10,10.25,10.25,10.25,1400,14025,29-SEP-1995,
DEWANHOUS,EQ,20,21.5,20,21.5,21.5,21.5,400,8500,29-SEP-1995,
DEWANSTEEL,EQ,24.55,24.75,24.5,24.5,24.5,25.05,700,17190,29-SEP-1995,
DGPWINDSOR,EQ,115,115,112,112,112,112.5,400,45200,29-SEP-1995,
DHAMPURSUG,EQ,121,122,121,121,121,122,400,48640,29-SEP-1995,
DIGITALEQP,EQ,89,89.4,89,89.4,89.4,89,1700,151425,29-SEP-1995,
DLFCEMENT,EQ,13.5,13.95,13.5,13.65,13.6,13.8,6400,87895,29-SEP-1995,
DRIND,EQ,15.5,15.5,15.5,15.5,15.5,15.75,1000,15500,29-SEP-1995,
DRREDDY,EQ,287,288,286.05,286.05,286.05,295,600,171960,29-SEP-1995,
DSJFINCORP,EQ,40,41,40,40,40,41,1700,68280,29-SEP-1995,
DSKULKARNI,EQ,15.35,17.75,15.1,16.75,16.95,15.65,59500,956770,29-SEP-1995,
DYNAPHARMA,EQ,18,18,17.5,17.5,17.5,18.3,1700,30170,29-SEP-1995,
EARNHEALTH,EQ,14,14,14,14,14,13.75,200,2800,29-SEP-1995,
EASTMINING,EQ,17.5,19.15,17.5,18.5,18.5,19.25,900,16715,29-SEP-1995,
EICHERMOT,EQ,45.5,47.5,44,47.5,47.5,44.5,4500,206450,29-SEP-1995,
EICHERTRAC,EQ,65,65,65,65,65,67,200,13000,29-SEP-1995,
EIDPARRY,EQ,131.5,131.5,131.5,131.5,131.5,130,100,13150,29-SEP-1995,
EIHOTEL,EQ,502,520,502,510,510,500,21250,11016522.5,29-SEP-1995,
ELBEE,EQ,145,145,145,145,145,149.5,100,14500,29-SEP-1995,
ELECTCAST,EQ,116,116,116,116,116,115,100,11600,29-SEP-1995,
ELECTRX,EQ,116,116,116,116,116,115,200,23200,29-SEP-1995,
ELGIEQUIP,EQ,320,320,307,311,307,335,200,62450,29-SEP-1995,
EMERCK,EQ,165,170,165,170,170,169,400,67340,29-SEP-1995,
EMPEESUGAR,EQ,11,11,11,11,11,10.75,100,1100,29-SEP-1995,
ESCORTS,EQ,112,112,109.5,112,112,112,1200,133275,29-SEP-1995,
ESCORTSFIN,EQ,39,39.5,39,39,39,39,400,15700,29-SEP-1995,
ESCORTTRAC,EQ,135,136,135,135,135,137,500,67600,29-SEP-1995,
ESSARGUJ,EQ,47.5,47.75,47,47.55,47.3,47.55,18400,871665,29-SEP-1995,
ESSAROIL,EQ,29,31,29,30.65,30.5,29.7,3900,117645,29-SEP-1995,
ESSARSHIP,EQ,40.5,40.8,39.9,40.35,40.25,40.45,3900,156860,29-SEP-1995,
ESSARSHIP,N1,47,49,47,49,49,46.25,150,7250,29-SEP-1995,
ESSELPACK,EQ,208,208,208,208,208,209,50,10400,29-SEP-1995,
ESTERIND,EQ,32,33.25,32,32.9,33,32.9,3100,101150,29-SEP-1995,
ESTWSTRAV,EQ,12.1,12.1,12,12,12,11.1,500,6030,29-SEP-1995,
FAGPRECISN,EQ,62,70.5,62,70.5,70.5,67.5,250,16690,29-SEP-1995,
FEDDERLOYD,EQ,18.25,18.25,17.9,17.9,17.9,18.5,400,7230,29-SEP-1995,
FEDERALBNK,EQ,234,235.5,233,234,234,236,3900,912195,29-SEP-1995,
FEMNORMIN,EQ,111.9,120,109.15,117.05,114,112.2,1583400,183454070,29-SEP-1995,
FERROALLOY,EQ,55.75,55.75,53.05,54,54,55.1,1950,106455,29-SEP-1995,
FICOMORGAN,EQ,85,88,85,88,88,86,800,69725,29-SEP-1995,
FINCABLES,EQ,260,263,256,257.95,256,263.5,1250,324142.5,29-SEP-1995,
FINPIPE,EQ,37.55,38,36.6,37,37.25,37.6,23600,878065,29-SEP-1995,
FIRSTLEASE,EQ,42,42,41,41.05,41,42,300,12405,29-SEP-1995,
FISHFALCON,EQ,9,9,9,9,9,8.5,500,4500,29-SEP-1995,
FLATPROD,EQ,130,131,130,131,131,132,200,26100,29-SEP-1995,
FLEX,EQ,158.1,160,157.5,159.5,160,155.5,3000,475960,29-SEP-1995,
FLEXCHEM,EQ,81,81,80,80,80,82,400,32100,29-SEP-1995,
FLEXENGG,EQ,103,103,102.05,102.05,102.05,100,200,20505,29-SEP-1995,
FLOATGLASS,EQ,42.5,43.6,42,42.85,43.6,43.75,3200,137545,29-SEP-1995,
FOSECOIND,EQ,213,216,213,213,213,214.5,700,149700,29-SEP-1995,
FULLERKCP,EQ,475,475,475,475,475,490,100,47500,29-SEP-1995,
GANESHANHY,EQ,30,32.5,30,31.85,32.5,30.1,14700,458570,29-SEP-1995,
GANESHBENZ,EQ,77,80,77,79,79,78,1000,78750,29-SEP-1995,
GARDENSILK,EQ,38.25,39,37.05,37.05,37.05,38,1450,54950,29-SEP-1995,
GARWALLROP,EQ,68,68.5,68,68,68,69,1050,71450,29-SEP-1995,
GARWARPOLY,EQ,210,210,210,210,210,210,850,178500,29-SEP-1995,
GARWARSHIP,EQ,13.5,13.5,13.5,13.5,13.5,13,100,1350,29-SEP-1995,
GECALSTHOM,EQ,68,71.95,68,71.95,71.95,73,700,49205,29-SEP-1995,
GERMANREM,EQ,210,210,210,210,210,210,300,63000,29-SEP-1995,
GESHIPPING,EQ,53,54.8,52.5,54.45,54.25,53.6,106500,5734670,29-SEP-1995,
GHCL,EQ,19,19.25,19,19.25,19.25,19.5,800,15250,29-SEP-1995,
GICBAL,EQ,8.9,9,8.85,9,9,9,3900,34670,29-SEP-1995,
GICBIGCBS,EQ,15.55,15.55,15.55,15.55,15.55,15.5,1200,18660,29-SEP-1995,
GICBIGQDIS,EQ,10,10,10,10,10,10,500,5000,29-SEP-1995,
GICHSGFIN,EQ,30.75,31,30.75,30.9,30.9,30.95,400,12340,29-SEP-1995,
GINNIFILA,EQ,29.5,29.5,28.9,28.9,28.9,29,600,17640,29-SEP-1995,
GIPCL,EQ,57,58,56,57.9,58,56.9,900,51135,29-SEP-1995,
GLAXO,EQ,193.5,198,193.5,197.65,197,193.8,1700,333160,29-SEP-1995,
GLFL,EQ,108,108,102.25,108,108,108.95,1200,128085,29-SEP-1995,
GLOBABOARD,EQ,12.5,13.75,12.5,13.5,13.5,13.15,4600,62355,29-SEP-1995,
GLOBALTELE,EQ,102,102,102,102,102,102,900,91800,29-SEP-1995,
GLOBLTRUST,EQ,57.5,59.45,57.5,59,59,58.6,5400,316305,29-SEP-1995,
GMBREW,EQ,24.05,24.05,24.05,24.05,24.05,24.25,100,2405,29-SEP-1995,
GMRVASAVI,EQ,36,36.5,36,36.5,36.5,36.25,900,32800,29-SEP-1995,
GNFC,EQ,51.05,56,51.05,56,56,55.5,750,41102.5,29-SEP-1995,
GODAVRFERT,EQ,17.9,19.6,17.9,19.25,19,18,5800,110120,29-SEP-1995,
GODFRYPHLP,EQ,210,210,210,210,210,207.25,100,21000,29-SEP-1995,
GODREJFOOD,EQ,25.6,25.75,25.25,25.25,25.25,24.5,9000,229420,29-SEP-1995,
GODREJSOP,EQ,103.1,103.1,103,103,103,105.45,4500,463645,29-SEP-1995,
GOETZEIND,EQ,114,114,113.95,113.95,113.95,115,250,28495,29-SEP-1995,
GOODVALUE,EQ,40,40.45,40,40.45,40.45,38.5,300,12045,29-SEP-1995,
GOODYEAR,EQ,64.95,65,64.95,65,65,63,200,12995,29-SEP-1995,
GRAMPHONCO,EQ,38.1,38.1,38.1,38.1,38.1,40,50,1905,29-SEP-1995,
GRANDFONRY,EQ,46.5,46.5,46.5,46.5,46.5,46,100,4650,29-SEP-1995,
GRAPCOGRAN,EQ,26,27,26,26.5,26.5,26.5,1700,45300,29-SEP-1995,
GRAPCOMIN,EQ,10.5,10.5,10.5,10.5,10.5,10.5,800,8400,29-SEP-1995,
GRAPHIT,EQ,94,95,94,95,95,88.1,300,28400,29-SEP-1995,
GRASIM,EQ,590,597,590,597,597,598,1500,894500,29-SEP-1995,
GRINWELNOR,EQ,215,215,215,215,215,220,50,10750,29-SEP-1995,
GRMAGNET,EQ,117.5,125,101,116.35,116,105.45,1998300,220905175,29-SEP-1995,
GROWTECHNO,EQ,171,171,171,171,171,158,100,17100,29-SEP-1995,
GSL,EQ,107,108,106.1,106.4,106.25,106.5,1350,144265,29-SEP-1995,
GTCIND,EQ,46.5,50,46.25,46.5,46.5,46.75,450,21227.5,29-SEP-1995,
GUJALKALI,EQ,121,123,120.25,121.75,123,123.75,350,42762.5,29-SEP-1995,
GUJAMBCEM,EQ,260,263,260,262,262,260,41100,10767400,29-SEP-1995,
GUJAMBCOTS,EQ,12.25,12.75,12.25,12.75,12.75,12.75,1500,18850,29-SEP-1995,
GUJAMBPROT,EQ,9.25,9.25,9,9,9,9,1300,11750,29-SEP-1995,
GUJAPARPOL,EQ,11.5,11.5,11.25,11.25,11.25,11.5,600,6875,29-SEP-1995,
GUJBOROSIL,EQ,8,8,8,8,8,8.1,200,1600,29-SEP-1995,
GUJCOTEX,EQ,21,32.8,20.95,27.8,27.6,20.65,172800,4913420,29-SEP-1995,
GUJFLUORO,EQ,84,85,84,84.5,84.5,85,500,42300,29-SEP-1995,
GUJOPTICAL,EQ,15.5,16,15,16,16,15.5,1300,20150,29-SEP-1995,
GUJRATGAS,EQ,134,134,131,132,132,135,700,92100,29-SEP-1995,
GUJRATTELE,EQ,28,28,26,27.55,27.55,26.75,800,21630,29-SEP-1995,
GUJSIDHCEM,EQ,12.5,13,12.25,13,13,12.5,4100,51825,29-SEP-1995,
HANILERA,EQ,16,16,15.5,15.5,15.5,15.5,3700,58000,29-SEP-1995,
HARIGCRANK,EQ,13.25,13.25,12.5,13,13,13,1100,14375,29-SEP-1995,
HARRMALAYA,EQ,63,63,63,63,63,64,50,3150,29-SEP-1995,
HARYANPETR,EQ,14.45,14.75,14,14,14,14,2800,40130,29-SEP-1995,
HARYANSHET,EQ,50,50,50,50,50,50.5,400,20000,29-SEP-1995,
HBPORT,EQ,61,61,60,60,60,61.5,900,54700,29-SEP-1995,
HCL-HP,EQ,152,160,152,160,160,152,950,146455,29-SEP-1995,
HDFC,EQ,2555,2611,2555,2597.3,2611,2573.15,540,1393282.5,29-SEP-1995,
HDFCBANK,EQ,36.5,36.5,36.25,36.45,36.5,36.45,34000,1237240,29-SEP-1995,
HEG,EQ,43,43,41.5,42,42,42.7,1400,58425,29-SEP-1995,
HERBETSON,EQ,37.5,37.5,37.5,37.5,37.5,36,200,7500,29-SEP-1995,
HEROHONDA,EQ,230,232,230,232,232,230.05,1000,231600,29-SEP-1995,
HIMACHLFUT,EQ,59.05,60,58.25,59,59,60,5700,336670,29-SEP-1995,
HIMACHTELE,EQ,33.75,33.75,33.5,33.5,33.5,34.85,2000,67125,29-SEP-1995,
HIMADCHEM,EQ,53,53,53,53,53,55,1500,79500,29-SEP-1995,
HIMATSEIDE,EQ,180,180,180,180,180,176,100,18000,29-SEP-1995,
HINDALC0,EQ,970,970,970,970,970,980,150,145500,29-SEP-1995,
HINDALLOYS,EQ,60,60,57,57,57,59,600,34950,29-SEP-1995,
HINDCIBA,EQ,2795,2801,2791,2791,2791,2795,40,111880,29-SEP-1995,
HINDCONS,EQ,80,80,74,76,78,76,350,27000,29-SEP-1995,
HINDEVELOP,EQ,27,27.15,26.9,27,27,27,9900,267225,29-SEP-1995,
HINDINKS,EQ,211.95,211.95,210,210,210,204,200,42195,29-SEP-1995,
HINDLEVER,EQ,610.05,623.5,610,619.75,623.5,613.9,7000,4284670,29-SEP-1995,
HINDMOTOR,EQ,33.5,34.75,33.4,34,33.85,33.6,54100,1824360,29-SEP-1995,
HINDOILEXP,EQ,28.25,28.45,26,26.85,28.45,29.25,4500,124615,29-SEP-1995,
HINDPETRO,EQ,314,320,313.95,314,314,320,1700,536310,29-SEP-1995,
HINDSANIT,EQ,191.5,191.5,191.05,191.05,191.05,195,200,38255,29-SEP-1995,
HINDUJAFIN,EQ,150,150,150,150,150,150,500,75000,29-SEP-1995,
HINPOWPLUS,EQ,66,66,63.05,65,65,67.75,900,58405,29-SEP-1995,
HITECDRIL,EQ,21,21.1,21,21,21,21.5,1500,31520,29-SEP-1995,
HMGIND,EQ,21.5,22,21,22,22,21.2,10800,234795,29-SEP-1995,
HOCL,EQ,29.5,29.9,29.25,29.9,29.9,29.7,1700,50320,29-SEP-1995,
HOECHST,EQ,237,238,237,238,238,230.05,150,35650,29-SEP-1995,
HOTELEELA,EQ,124,126,124,125,125,123,2500,311450,29-SEP-1995,
HOTLINGLAS,EQ,12,12.5,12,12.2,12.2,12.25,15400,188440,29-SEP-1995,
HYTSNMAGNT,EQ,22.5,22.5,22.5,22.5,22.5,24,100,2250,29-SEP-1995,
IBP,EQ,242.9,242.9,242.9,242.9,242.9,265,100,24290,29-SEP-1995,
ICI,EQ,169,170,169,169.65,170,170,400,67800,29-SEP-1995,
ICICI,EQ,92,92,91.5,91.6,91.6,91.6,10600,971190,29-SEP-1995,
ICICIPREM,EQ,7,7.35,7,7,7,7,16300,115270,29-SEP-1995,
IDBI,EQ,112.1,118.5,112.05,117.15,118.05,112.55,137000,15801140,29-SEP-1995,
IFCI,EQ,41.5,41.75,41.15,41.55,41.55,41.6,30400,1263195,29-SEP-1995,
IFGLREFRAC,EQ,9,9,9,9,9,8.6,200,1800,29-SEP-1995,
IGPETRO,EQ,75,75.5,74,74.45,74.3,75,48500,3617330,29-SEP-1995,
INDAL,EQ,210,210,210,210,210,218,100,21000,29-SEP-1995,
INDBANKMER,EQ,24,24.05,23.25,23.25,23.25,24.05,600,14180,29-SEP-1995,
INDBIOFOOD,EQ,16.5,16.5,15.75,16.1,16.1,17.05,3400,54460,29-SEP-1995,
INDGYPSUM,EQ,38.25,40,38.25,39,39,38,1700,66575,29-SEP-1995,
INDHOTEL,EQ,541,543,540,540.15,540,542.9,1850,1000735,29-SEP-1995,
INDIAGLYCO,EQ,40,40.5,40,40.5,40.5,42,500,20050,29-SEP-1995,
INDIALEASE,EQ,21.75,21.75,21.75,21.75,21.75,21.25,300,6525,29-SEP-1995,
INDIANACRY,EQ,5.1,5.75,5,5.75,5.75,5.75,1600,8730,29-SEP-1995,
INDIANORG,EQ,42.75,42.75,42,42,42,40.5,3200,136650,29-SEP-1995,
INDIAPOLY,EQ,8.6,8.6,8.6,8.6,8.6,8.5,150,1290,29-SEP-1995,
INDIASEC,EQ,32,32,30.5,30.5,30.5,30.5,1600,49800,29-SEP-1995,
INDOCOUNT,EQ,15.55,15.55,15.55,15.55,15.55,15.5,200,3110,29-SEP-1995,
INDOFREBIO,EQ,26.5,26.5,25.2,25.45,25.4,26,12200,313495,29-SEP-1995,
INDOGULF,EQ,60.5,60.5,58.05,59,59,60.25,4500,264795,29-SEP-1995,
INDORAMSYN,EQ,40.5,41,40.5,40.5,40.5,40.25,1800,73500,29-SEP-1995,
INDRATNA,EQ,15,15,15,15,15,15,600,9000,29-SEP-1995,
INDRAYON,EQ,474,480,474,479.3,480,473.25,2400,1146280,29-SEP-1995,
INDSHAVING,EQ,227,227,220,220,220,221,1100,247900,29-SEP-1995,
INDUNISSAN,EQ,27.65,28.5,27.3,28.05,28.5,28,4800,133235,29-SEP-1995,
INDYESTUF,EQ,45,45,45,45,45,44.5,50,2250,29-SEP-1995,
INERTIAIND,EQ,30,30,29.05,29.25,29.25,30,2700,79845,29-SEP-1995,
INFOSYSTCH,EQ,463,463,462,462,462,461.05,400,185000,29-SEP-1995,
INSILCO,EQ,20,20,20,20,20,20,100,2000,29-SEP-1995,
INTCOMTECH,EQ,26.75,28,26,26.1,26,27.35,6100,162435,29-SEP-1995,
INTLTRAVHS,EQ,88,88,87,87.3,87.3,87.25,1100,95830,29-SEP-1995,
INVELTRANS,EQ,96,98,96,98,98,91,400,38900,29-SEP-1995,
INVESTCORP,EQ,270,270,270,270,270,250,200,54000,29-SEP-1995,
IPCALAB,EQ,262.45,265,262.45,264.1,264.1,263.5,1100,290130,29-SEP-1995,
IPCL,EQ,133,139.7,132.5,138.85,138.5,132.8,56800,7771095,29-SEP-1995,
IPITATASPO,EQ,40,41.25,40,41.25,41.25,40,400,16225,29-SEP-1995,
ISIBARS,EQ,66.6,66.6,66,66,66,66.3,1400,92750,29-SEP-1995,
ISPATALLOY,EQ,17.2,17.5,17.1,17.5,17.5,17.3,2500,43170,29-SEP-1995,
ISSAL,EQ,10,10.5,10,10.15,10.05,10,2200,22695,29-SEP-1995,
ITC,EQ,276,278.9,273,276.9,276.8,277.55,78000,21523155,29-SEP-1995,
ITCAGRO,EQ,88,88,88,88,88,88,700,61600,29-SEP-1995,
ITCBHADRA,EQ,131,133,130.5,131.5,131.5,130.15,1600,210140,29-SEP-1995,
ITCCLASSIC,EQ,129,131,127.75,130.4,130.05,130,1500,194580,29-SEP-1995,
ITCHOTEL,EQ,145,148,145,148,148,153,600,88200,29-SEP-1995,
ITWSIGNODE,EQ,94,95,94,95,95,95,1000,94450,29-SEP-1995,
IVP,EQ,75,75,75,75,75,75,50,3750,29-SEP-1995,
JAGAJITIND,EQ,40,40,40,40,40,42,700,28000,29-SEP-1995,
JAINIRRIG,EQ,148,148,147.5,147.5,147.5,148.65,3500,516500,29-SEP-1995,
JAMNAUTO,EQ,40.1,40.1,40.1,40.1,40.1,41.5,100,4010,29-SEP-1995,
JASCHIND,EQ,17.5,17.9,17.5,17.9,17.9,17.6,2400,42760,29-SEP-1995,
JAYBUSMAC,EQ,60,60,60,60,60,60,400,24000,29-SEP-1995,
JAYPEEHOT,EQ,25,25,24.05,24.05,24.05,24.95,600,14525,29-SEP-1995,
JAYSYNTDYE,EQ,143,145,143,145,145,150,200,28800,29-SEP-1995,
JBFIND,EQ,38.5,38.5,36,36.45,36,36,1200,43990,29-SEP-1995,
JCT,EQ,41.25,42,41.25,42,41.55,42,350,14617.5,29-SEP-1995,
JCTELEC,EQ,33.95,34,33.75,33.8,33.8,33,1600,54265,29-SEP-1995,
JFLABS,EQ,19.75,19.75,19.75,19.75,19.75,19.5,500,9875,29-SEP-1995,
JINDALDRIL,EQ,128,129,128,129,129,130,200,25700,29-SEP-1995,
JINDALFOTO,EQ,189.5,189.5,188,189,189,189,2100,395600,29-SEP-1995,
JINDALIRON,EQ,153,155,151.1,152.55,152,152.05,13300,2035275,29-SEP-1995,
JINDALPOLY,EQ,474.75,475,470,473.95,475,470.25,1400,659900,29-SEP-1995,
JINDALSTRP,EQ,283,289,283,287,287,285,1100,314150,29-SEP-1995,
JINDLFERRO,EQ,165,171.75,161.25,162.55,162,161.65,55400,9154430,29-SEP-1995,
JINDVIJSTL,E1,6.6,6.65,6.55,6.6,6.6,6.65,5000,33120,29-SEP-1995,
JINDVIJSTL,E2,4.25,4.5,4.25,4.4,4.4,4.6,4700,20820,29-SEP-1995,
JINDVIJSTL,EQ,11.1,11.35,11,11.3,11.35,11.25,190000,2108910,29-SEP-1995,
JKDAIRY,EQ,15,15,15,15,15,15,300,4500,29-SEP-1995,
JKIND,EQ,105,105,105,105,105,100,150,15750,29-SEP-1995,
JKPHARMA,EQ,19.95,20,19.55,19.85,19.85,20.3,1400,27910,29-SEP-1995,
JKSYNTHETC,EQ,32,32.25,31.5,32.25,32.25,32.25,11700,371500,29-SEP-1995,
JORDENGG,EQ,30,30,30,30,30,31,500,15000,29-SEP-1995,
JPIND,EQ,46,46.2,45.5,45.85,45.85,46,8000,366290,29-SEP-1995,
JYOTISTRUC,EQ,159.75,159.75,155,155,155,155,5100,814250,29-SEP-1995,
KAJARIACER,EQ,130,132,128,131.35,132,130.05,7300,947295,29-SEP-1995,
KAKATCEM,EQ,61,61,61,61,61,61,50,3050,29-SEP-1995,
KALYANISHP,EQ,26,26.1,26,26.1,26.1,26,600,15610,29-SEP-1995,
KANAKSTEEL,EQ,6.25,6.25,6,6,6,6.25,1000,6125,29-SEP-1995,
KANELOIL,EQ,32,34,32,33.5,34,33.25,1400,45775,29-SEP-1995,
KARURVYSYA,EQ,269.75,271,265,271,271,266,1500,403485,29-SEP-1995,
KCP,EQ,79,79,79,79,79,75,300,23700,29-SEP-1995,
KECINTL,EQ,112,125,112,124.5,124,124.7,1300,160085,29-SEP-1995,
KEDIADIST,EQ,190,190,173.25,174.65,174,180.25,18000,3246485,29-SEP-1995,
KELVINATOR,EQ,82,82,82,82,82,83.5,50,4100,29-SEP-1995,
KGDENIM,EQ,20,20,20,20,20,20.25,2000,40000,29-SEP-1995,
KHAIHOSTOM,EQ,10.6,10.6,10.6,10.6,10.6,10.25,200,2120,29-SEP-1995,
KINETICENG,EQ,263,266,263,266,266,266,250,66147.5,29-SEP-1995,
KINHONDA,EQ,106,106,106,106,106,105.55,100,10600,29-SEP-1995,
KIRANOVER,EQ,15.45,15.55,15.3,15.5,15.5,15.5,1900,29395,29-SEP-1995,
KIRELECTRI,EQ,46,47,45,46,46,45.1,1000,46000,29-SEP-1995,
KIRLOSFERR,EQ,23,23.4,22.25,23.4,23.4,23,6300,142480,29-SEP-1995,
KIRLOSKCUM,EQ,337,344,337,340.7,344,340,900,305750,29-SEP-1995,
KITPLYIND,EQ,43.5,44,43.5,43.75,44,43.5,300,13100,29-SEP-1995,
KITSTEEL,EQ,18.4,18.75,18.4,18.75,18.75,18.5,900,16775,29-SEP-1995,
KOPRAN,EQ,329,329,328,328,328,328.1,200,65700,29-SEP-1995,
KOTAKMAH,EQ,150,150.5,147.05,150.05,149.75,149.25,5200,776835,29-SEP-1995,
KOTHARINDL,EQ,28.1,28.1,28.1,28.1,28.1,30,100,2810,29-SEP-1995,
KOTHARISUG,EQ,38,39.7,38,39.7,39.7,39.7,400,15710,29-SEP-1995,
KOTHPIOBLU,EQ,14.75,14.75,14.5,14.5,14.5,14.5,900,13150,29-SEP-1995,
KRAFTIND,EQ,10.4,10.4,9.55,9.55,9.55,10.8,1100,10760,29-SEP-1995,
KRISHNAENG,EQ,18,18.05,18,18,18,19.25,1000,18025,29-SEP-1995,
KRISNAFILA,EQ,122,124.95,121,124.9,124.95,123.25,5100,628880,29-SEP-1995,
L&T,EQ,281.25,281.25,277.5,277.85,277.75,277.8,41850,11669252.5,29-SEP-1995,
LAKME,EQ,310,310,307,307,307,296.05,100,30850,29-SEP-1995,
LAKSHVILAS,EQ,113,116.5,113,115.75,116.5,113,2000,228600,29-SEP-1995,
LANCOIND,EQ,12,12,12,12,12,12.5,1900,22800,29-SEP-1995,
LANESEDA,EQ,9.05,9.25,9.05,9.2,9.2,8.75,500,4600,29-SEP-1995,
LAXMIMACH,EQ,11250.05,11250.05,11250.05,11250.05,11250.05,11700,5,56250.25,29-SEP-1995,
LDTEXT,EQ,59,59,59,59,59,61,300,17700,29-SEP-1995,
LEENATEX,EQ,6.75,6.75,6.75,6.75,6.75,6.75,200,1350,29-SEP-1995,
LIBERTSHOE,EQ,130,130,130,130,130,130,100,13000,29-SEP-1995,
LICHSGFIN,EQ,47,47,46.25,46.75,46.75,46.5,1100,51150,29-SEP-1995,
LKPMERFIN,EQ,38.25,40,38.25,40,40,39.5,200,7825,29-SEP-1995,
LLOYDSTEEL,EQ,33.95,34,33,33.25,33.25,33.6,3000,100535,29-SEP-1995,
LML,EQ,107.5,110,107,109.15,109,107.2,23900,2608915,29-SEP-1995,
LOKHSG,EQ,112,113,112,113,113,113.25,500,56400,29-SEP-1995,
LUMAXIND,EQ,127,127,127,127,127,125,100,12700,29-SEP-1995,
LUPINCHEM,EQ,40,40.05,39.5,40,40,40,2600,103830,29-SEP-1995,
LUPINLAB,EQ,253,253,251,252.5,252.95,253,1300,327610,29-SEP-1995,
LYKALABS,EQ,85,85,85,85,85,90,100,8500,29-SEP-1995,
M&M,EQ,360.5,360.5,360.5,360.5,360.5,369,200,72100,29-SEP-1995,
MADRASCEM,EQ,8875,8875,8875,8875,8875,8800,5,44375,29-SEP-1995,
MADRASMFIN,EQ,9.25,9.25,9.25,9.25,9.25,9.5,500,4625,29-SEP-1995,
MADRASREFN,EQ,69,69,65,67,67,67.5,1100,74210,29-SEP-1995,
MAFATLAIND,EQ,501,501,490,495,495,500.5,85,42080.75,29-SEP-1995,
MAHAGRO,EQ,29.75,30.5,29.75,30,30,31.25,4100,124015,29-SEP-1995,
MAHAINTL,EQ,22,22,22,22,22,22,500,11000,29-SEP-1995,
MAHAVIRSPG,EQ,142,144.95,142,144.95,144.95,142,400,57540,29-SEP-1995,
MAHSCOOTER,EQ,260,260,258,258,258,258,350,90505,29-SEP-1995,
MAHSEAMLES,EQ,36,37.25,36,37.25,37.25,36.5,600,22065,29-SEP-1995,
MANALIPET,EQ,9.1,10.05,9.1,9.6,9.6,10,1800,17460,29-SEP-1995,
MANALUMN,EQ,17.05,18.5,17.05,17.5,17.5,17.5,600,10605,29-SEP-1995,
MANGTIMBER,EQ,13.85,13.95,13.85,13.9,13.95,14.25,300,4165,29-SEP-1995,
MARALOVER,EQ,40,42,40,42,42,40.5,200,8200,29-SEP-1995,
MARDIACHEM,EQ,66,66.5,63,64.9,65,66,18400,1203150,29-SEP-1995,
MARNITPOLY,EQ,16,16.25,15.25,16,16,16.4,2400,38295,29-SEP-1995,
MASTERSHAR,EQ,15.75,15.75,15.4,15.45,15.4,15.65,22700,353050,29-SEP-1995,
MASTGAIN92,EQ,11.75,11.8,11.65,11.75,11.8,11.8,127800,1497090,29-SEP-1995,
MASTGROW93,EQ,9.25,9.8,9.25,9.7,9.65,9.75,10700,103530,29-SEP-1995,
MASTPLUS91,EQ,12.7,12.7,12.5,12.6,12.6,12.6,21300,268280,29-SEP-1995,
MATHPLATT,EQ,20.25,20.75,20.25,20.6,20.6,20.75,1450,29752.5,29-SEP-1995,
MAXORCHARD,EQ,63,63,61.5,62.75,62.75,63.25,2100,130700,29-SEP-1995,
MBIND,EQ,25,25,25,25,25,25.5,400,10000,29-SEP-1995,
MCDOWELL,EQ,32.5,32.5,32.05,32.05,32.05,32,300,9660,29-SEP-1995,
MCLEODRUS,EQ,145,145,145,145,145,145,100,14500,29-SEP-1995,
MERIND,EQ,205,205,205,205,205,207,100,20500,29-SEP-1995,
MESCOPHARM,EQ,46,46,44.55,45.4,45.1,46,1800,81885,29-SEP-1995,
METALPIPE,EQ,35,35,35,35,35,35.5,100,3500,29-SEP-1995,
METAZINC,EQ,22,22.5,20,20.15,20,22.5,500,10675,29-SEP-1995,
METROCHEM,EQ,86,86,86,86,86,86,100,8600,29-SEP-1995,
MIDEASTI,EQ,63,65.6,63,63,63,63,900,56960,29-SEP-1995,
MIDEASTSTL,EQ,15,15.2,15,15.2,15.2,14.55,600,9040,29-SEP-1995,
MIDWESTIRN,EQ,17.75,17.75,17.75,17.75,17.75,17.75,100,1775,29-SEP-1995,
MIRCELECTR,EQ,157,157,157,157,157,145,50,7850,29-SEP-1995,
MODERNDENM,EQ,64.5,65,64,65,65,64.5,6000,387430,29-SEP-1995,
MODERNWOOL,EQ,49,50,49,50,50,49.5,3000,148920,29-SEP-1995,
MODICEMENT,EQ,7.75,7.75,7.75,7.75,7.75,7.85,500,3875,29-SEP-1995,
MODILUFT,EQ,20,21,20,20.25,20,19,1800,36820,29-SEP-1995,
MODIOLIVET,EQ,23,23,23,23,23,23.55,500,11500,29-SEP-1995,
MODIPON,EQ,69,69,69,69,69,67,100,6900,29-SEP-1995,
MODIRUBBER,EQ,47.95,48,46,46,46,47.25,450,21495,29-SEP-1995,
MODITHREAD,EQ,7.25,7.5,7.25,7.5,7.5,7.9,1200,8725,29-SEP-1995,
MODIXEROX,EQ,157.25,157.25,157.25,157.25,157.25,150,100,15725,29-SEP-1995,
MODRNSYNTX,EQ,43,45,42.5,44,44,43.5,12100,525685,29-SEP-1995,
MODTHREAD,EQ,80.5,82,80,82,82,80.5,3250,263307.5,29-SEP-1995,
MONICAELEC,EQ,113,113,113,113,113,110,100,11300,29-SEP-1995,
MONNETISPA,EQ,25,25.1,25,25.05,25,24,1500,37510,29-SEP-1995,
MOOLEXPORT,EQ,60,60,58.6,60,60,60.7,1700,100885,29-SEP-1995,
MOREPENLAB,EQ,135,135,135,135,135,136.65,100,13500,29-SEP-1995,
MORGANSTAN,EQ,7.05,7.1,7.05,7.1,7.1,7.05,162900,1154105,29-SEP-1995,
MOSERBAER,EQ,19.75,20,19.75,20,20,19.75,1300,25895,29-SEP-1995,
MOTOROL,EQ,58,58,56.25,57,57,58.2,4250,242565,29-SEP-1995,
MRINALDYE,EQ,29.5,29.5,29.5,29.5,29.5,31,100,2950,29-SEP-1995,
MRPL,EQ,37.95,38,37.55,37.85,37.9,37.85,6100,231175,29-SEP-1995,
MRPL,N2,88.75,88.75,87.1,87.25,87.25,87,900,79217.5,29-SEP-1995,
MSSHOES,EQ,68,77,67.5,74.3,73.5,67.5,10100,747630,29-SEP-1995,
MTNL,EQ,160,160,160,160,160,160.25,100,16000,29-SEP-1995,
MUKATPIPE,EQ,32,32,31,31,31,34,900,28200,29-SEP-1995,
MURABLACK,EQ,11.5,11.75,11.25,11.75,11.75,11.25,3200,36500,29-SEP-1995,
MYSORECEM,EQ,42.1,42.1,42,42,42,42.45,1100,46255,29-SEP-1995,
NAGARCONST,EQ,162.1,170,162.1,166.55,168,172,800,134310,29-SEP-1995,
NAGARFERT,EQ,24.55,25,24.5,24.95,25,24.7,9300,230755,29-SEP-1995,
NAGARJUFIN,EQ,28.45,28.45,25.5,25.5,25.5,29.4,300,7945,29-SEP-1995,
NAGPURALOY,EQ,58.55,58.55,57,57,57,60,500,29110,29-SEP-1995,
NAGREKAEXP,EQ,39,39.5,39,39.5,39.5,39,600,23650,29-SEP-1995,
NAHARSPG,EQ,420.1,420.1,420.1,420.1,420.1,420,100,42010,29-SEP-1995,
NAHARSUGAR,EQ,26,27,26,27,27,25.5,800,21200,29-SEP-1995,
NALCO,EQ,24,24,23.6,23.85,23.85,24,2800,66655,29-SEP-1995,
NAMASTEXP,EQ,66,74,66,70,70,60.55,1700,117810,29-SEP-1995,
NARMADCEM,EQ,21,21,21,21,21,22,1000,21000,29-SEP-1995,
NARMDCHEMA,EQ,14.25,14.5,14.25,14.5,14.5,14.5,200,2875,29-SEP-1995,
NATCOLABS,EQ,28.5,29,28.05,28.5,28.5,28.5,11200,321415,29-SEP-1995,
NATHPULP,EQ,37,39,37,37.1,37,37.1,500,18925,29-SEP-1995,
NATHSEEDS,EQ,52.5,52.75,52.5,52.6,52.5,54,500,26300,29-SEP-1995,
NATNLSTEEL,EQ,16.5,16.5,16.45,16.5,16.5,16,700,11545,29-SEP-1995,
NEPCAGRO,EQ,63,63,62,62.1,62,65.5,800,49950,29-SEP-1995,
NEPCMICON,EQ,53.5,54,52.3,53.95,54,52.9,7100,377825,29-SEP-1995,
NEPCTEX,EQ,23.5,23.5,23,23.25,23.25,23.05,700,16330,29-SEP-1995,
NESTLE,EQ,314,315,308,311,311,318.9,12950,4058700,29-SEP-1995,
NEULANDLAB,EQ,112,112,112,112,112,112,100,11200,29-SEP-1995,
NIHONIRMAN,EQ,7,7.5,7,7.5,7.5,7.2,700,5000,29-SEP-1995,
NIIT,EQ,163,167.5,162,162.15,162.15,161,2200,361015,29-SEP-1995,
NILKAMPLST,EQ,43,43,42,42,42,46,1700,72100,29-SEP-1995,
NIPPONDENR,EQ,29,30.05,28.25,29.5,29.5,30,7400,217722.5,29-SEP-1995,
NIPPONDENS,EQ,86.5,90,86.5,90,90,87,500,43750,29-SEP-1995,
NIRAJPETRO,EQ,6.5,6.75,6.45,6.65,6.65,6.75,3300,21700,29-SEP-1995,
NIRLON,EQ,10,10,10,10,10,9.65,400,4000,29-SEP-1995,
NIRMA,EQ,550,560,550,556.9,560,554,1600,882755,29-SEP-1995,
NKIND,EQ,81.25,81.25,81,81,81,85,300,24325,29-SEP-1995,
NOCIL,EQ,96.25,100.7,95,99.9,99.05,95.75,8550,839507.5,29-SEP-1995,
NOVAELEMAG,EQ,44,45,44,44,44,44.4,3300,145665,29-SEP-1995,
NOVAIRNSTL,EQ,7.5,8.2,7.5,8.2,8.2,8,1600,12605,29-SEP-1995,
NOVASTEEL,EQ,16,16.25,16,16.1,16,16,1100,17640,29-SEP-1995,
NRC,EQ,45,51,45,47.3,47.3,43.2,300,14330,29-SEP-1995,
NUCHEM,EQ,20.25,20.25,18,18,18,20,2400,48305,29-SEP-1995,
OENCONNECT,EQ,69,70,69,70,70,75,100,6950,29-SEP-1995,
OILCOUNTUB,EQ,13.1,13.25,13,13.25,13.25,13.15,3700,48745,29-SEP-1995,
ONGC,EQ,275,275,265.15,267,267,290,1000,271615,29-SEP-1995,
ONIDASAVAK,EQ,24,24,23.5,23.5,23.5,24,700,16690,29-SEP-1995,
ONWARDTEC,EQ,152,152,152,152,152,150,100,15200,29-SEP-1995,
ORCHIDCHEM,EQ,85.5,86,84.5,85.6,86,85,3100,264145,29-SEP-1995,
ORIENTBANK,EQ,60.05,60.5,59.25,59.95,59.75,60.1,72700,4357885,29-SEP-1995,
ORIENTCONT,EQ,141.75,141.75,141.75,141.75,141.75,140,100,14175,29-SEP-1995,
ORIENTHOT,EQ,385,429,385,429,429,395,1100,462350,29-SEP-1995,
ORIENTPRES,EQ,111,112,111,112,112,110,200,22300,29-SEP-1995,
ORKAY,EQ,15.9,16.25,15.9,16.15,16.1,16.15,89500,1434245,29-SEP-1995,
OSWALAGFUR,EQ,30.5,31,30,30,30,30.5,6800,208010,29-SEP-1995,
OSWALAGRO,EQ,21,21,20.4,20.75,20.75,20.3,8150,168282.5,29-SEP-1995,
OSWALSPG,EQ,12.1,12.1,12,12,12,12.05,1000,12010,29-SEP-1995,
OSWALSUG,EQ,16.4,17,16.4,16.75,16.75,16.3,500,8365,29-SEP-1995,
OTIS,EQ,275,276,273.5,276,276,270,450,123700,29-SEP-1995,
OTOKLIN,EQ,48.1,50,48.1,49.95,49.95,50,2000,99692.5,29-SEP-1995,
P&G,EQ,487.5,487.5,487.5,487.5,487.5,480,100,48750,29-SEP-1995,
PAAMDRUG,EQ,29.7,31.5,29.7,31.5,31.5,31.75,600,18540,29-SEP-1995,
PAAMPHARMA,EQ,43.05,45,43.05,43.5,43.5,44.95,1400,60915,29-SEP-1995,
PACIFICIND,EQ,24,24,21.25,21.25,21.25,22,1900,43215,29-SEP-1995,
PADMINPOLY,EQ,125,125.7,124,125,125,125,3500,436135,29-SEP-1995,
PANCHMACEM,EQ,9.1,9.1,8.2,8.25,8.2,8.7,10800,92025,29-SEP-1995,
PANCHMSTEL,EQ,112.5,112.5,112,112,112,115,200,22450,29-SEP-1995,
PANYAMCEM,EQ,690,725,690,725,725,728.5,200,141615,29-SEP-1995,
PAREKHPLAT,EQ,136,136,130,131.75,131,137,2600,345845,29-SEP-1995,
PARKEDAVIS,EQ,149.5,150,149.5,150,150,152,300,44925,29-SEP-1995,
PARSSYNTH,EQ,29.7,29.7,29,29.5,29.5,31,3000,88510,29-SEP-1995,
PASUPTACRY,EQ,7,7.2,6.95,7,6.95,7.1,62800,444595,29-SEP-1995,
PATHEJAFOR,EQ,108,108,108,108,108,109,300,32400,29-SEP-1995,
PATSPINLTD,EQ,23.25,23.95,23.25,23.25,23.25,23.1,700,16465,29-SEP-1995,
PCL,EQ,57.95,59,57,58.9,58.9,57.5,600,34985,29-SEP-1995,
PEACOCKIND,EQ,81,82,81,81,81,81,400,32600,29-SEP-1995,
PEARLENGIN,EQ,22,22.25,21,21.25,21,22.5,6100,131725,29-SEP-1995,
PEARLGLOBL,EQ,76.5,81,76.5,77,77,85,300,23450,29-SEP-1995,
PEARLPOLY,EQ,63.9,63.9,63.9,63.9,63.9,65,100,6390,29-SEP-1995,
PENNARALUM,EQ,19,19,19,19,19,18.6,100,1900,29-SEP-1995,
PENTFRPROD,EQ,30,30.4,29.05,29.75,29.75,30,3000,89630,29-SEP-1995,
PENTFRSOLC,EQ,47.5,49,47.5,48.75,48.75,49.5,600,29150,29-SEP-1995,
PENTSFWARE,EQ,157,158.5,155,158.5,158.5,159,2000,312450,29-SEP-1995,
PFIMXPHARM,EQ,15.25,15.25,15.25,15.25,15.25,15,1100,16775,29-SEP-1995,
PFIZER,EQ,241,241,239,240,240,240,400,96000,29-SEP-1995,
PHILCORP,EQ,50.5,50.95,50,50,50,51.5,400,20240,29-SEP-1995,
PHILIPS,EQ,203,207,200.5,207,207,204,700,142090,29-SEP-1995,
PHOENIXLMP,EQ,17.15,17.75,17.1,17.25,17.25,17.7,900,15610,29-SEP-1995,
PHOENXINTL,EQ,93,94,89,89.5,89.5,91.45,1700,154655,29-SEP-1995,
PICCADSUG,EQ,8.25,8.5,8.25,8.5,8.5,8,300,2500,29-SEP-1995,
PIDILITIND,EQ,315,325,310,325,325,315,1800,566800,29-SEP-1995,
PITTIECEM,EQ,136.05,140.5,136,139.75,140.5,140,1600,221350,29-SEP-1995,
PODARPIGMT,EQ,12,12.25,11.5,12.25,12.25,12.1,2500,29650,29-SEP-1995,
POLARIND,EQ,97,97,97,97,97,97,550,53350,29-SEP-1995,
POLYPLEX,EQ,82,82.5,82,82,82,82.5,1100,90500,29-SEP-1995,
PONDS,EQ,872,881,870,870,870,881,250,218797.5,29-SEP-1995,
PPIL,EQ,59,59,55.5,55.5,55.5,58,250,14575,29-SEP-1995,
PRAGBOSIMI,EQ,8,8,8,8,8,8.05,500,4000,29-SEP-1995,
PRAKASH,EQ,104,105,103.5,104.4,105,104.65,3900,407485,29-SEP-1995,
PRECSNFAST,EQ,98,99,98,98,98,99,400,39400,29-SEP-1995,
PRECWIRE,EQ,50,50,50,50,50,50,400,20000,29-SEP-1995,
PREMAUTO,EQ,67.95,69.75,67.1,69.25,69,67,9050,612862.5,29-SEP-1995,
PREMAUTOEL,EQ,88,88,88,88,88,91,400,35200,29-SEP-1995,
PRESSMAN,EQ,34,34,33.6,33.6,33.6,34.5,400,13480,29-SEP-1995,
PRIMESEC,EQ,61,61,59.8,60,59.8,60.75,4000,240785,29-SEP-1995,
PRISMCEM,EQ,10.4,10.4,10,10.25,10.25,10.4,28200,287275,29-SEP-1995,
PRIYADCEM,EQ,30,30.85,30,30.35,30.25,30.5,2000,60895,29-SEP-1995,
PRUDENTCM,EQ,47.5,48.5,47.5,48.5,48.5,46.75,1800,86025,29-SEP-1995,
PRUDMOULI,EQ,34.75,36,34.75,36,36,35.5,7500,268550,29-SEP-1995,
PSIDATALTD,EQ,10.25,10.25,10.25,10.25,10.25,11.25,400,4100,29-SEP-1995,
PUNALKALI,EQ,45,45,44,44,44,45.75,1100,49400,29-SEP-1995,
PUNJABTRAC,EQ,435,440,430,430,430,430,900,389200,29-SEP-1995,
PUNJABWIRE,EQ,204,205,204,205,205,208,500,102325,29-SEP-1995,
PUNJCOMMU,EQ,173.5,174.45,172,172,172,174,700,121050,29-SEP-1995,
RAASICEM,EQ,142,148,142,147.15,144.7,144.85,2100,306330,29-SEP-1995,
RADKHAITAN,EQ,13.5,14,13.5,14,14,13.5,700,9700,29-SEP-1995,
RAJASBREW,EQ,14.5,14.5,14.5,14.5,14.5,15,200,2900,29-SEP-1995,
RAJASSPG,EQ,99,99,99,99,99,96,100,9900,29-SEP-1995,
RAJINPIPE,EQ,44.5,46,44.5,46,46,42,200,9050,29-SEP-1995,
RAJINSTEEL,EQ,36,36.25,35.5,36.25,36.25,35.6,3200,113945,29-SEP-1995,
RAJSREESUG,EQ,24.5,24.5,23,23,23,25,4400,103250,29-SEP-1995,
RAJSREPOLY,EQ,16.5,16.5,16,16,16,16.2,5900,95550,29-SEP-1995,
RALLIS,EQ,315.1,315.1,315.1,315.1,315.1,350,50,15755,29-SEP-1995,
RAMADHOTEL,EQ,39,39,38.5,39,39,40,400,15550,29-SEP-1995,
RAMANEWSPR,EQ,13.5,14,13.25,14,14,13.8,13000,176180,29-SEP-1995,
RAMAPETRO,EQ,47,47.5,47,47.5,47.5,48,500,23600,29-SEP-1995,
RAMAVISION,EQ,16.5,16.5,16,16,16,16.25,300,4900,29-SEP-1995,
RANASUG,EQ,11,11,10.95,10.95,10.95,11,200,2195,29-SEP-1995,
RANBAXY,EQ,735,740,730.25,739.45,738.05,735.55,7600,5605970,29-SEP-1995,
RANBAXY,N1,187,192,187,192,192,191,260,49220,29-SEP-1995,
RANEMADRAS,EQ,300,300,300,300,300,289.5,200,60000,29-SEP-1995,
RANKAQUA,EQ,31,31,31,31,31,31,100,3100,29-SEP-1995,
RASLAMIPAK,EQ,18.6,18.9,18.5,18.9,18.9,18.5,3800,70415,29-SEP-1995,
RATNABLDG,EQ,63,63,63,63,63,62.5,200,12600,29-SEP-1995,
RAYMOND,EQ,275,280,275,279.9,280,279,850,237025,29-SEP-1995,
RAYMONDSYN,EQ,13,13,12.6,12.75,12.75,12.75,2800,35780,29-SEP-1995,
READYFOOD,EQ,8.25,8.8,8.25,8.5,8.5,8.5,2600,22025,29-SEP-1995,
REALVALAPL,EQ,41,42,40.5,40.5,40.5,44.95,900,37300,29-SEP-1995,
RECKCOLMAN,EQ,230,238,230,238,238,237.25,100,23400,29-SEP-1995,
RELCAPITAL,EQ,114.75,116.5,114.25,115.95,115.5,115.15,74200,8554420,29-SEP-1995,
RELIANCE,EQ,270,275.4,270,274.4,275,270.1,680350,185402497.5,29-SEP-1995,
RELIANCE,N1,73.25,73.25,73.25,73.25,73.25,73.75,210,15382.5,29-SEP-1995,
RELIANCE,N2,127,127,127,127,127,125,5,635,29-SEP-1995,
RELPETRO,EQ,19.75,19.75,19.25,19.5,19.55,19.65,38300,749685,29-SEP-1995,
RELPETRO,N1,17.65,17.7,17.4,17.45,17.45,17.55,5800,101570,29-SEP-1995,
REMIMETAL,EQ,6.75,7.65,6.75,7.3,7.5,7.05,50700,368585,29-SEP-1995,
RENCOGEAR,EQ,34,35,33.75,34.05,33.75,32.35,13100,448985,29-SEP-1995,
REPLENGINE,EQ,58.3,58.3,58.3,58.3,58.3,57,100,5830,29-SEP-1995,
RHONEPOULN,EQ,386.1,386.1,386.1,386.1,386.1,390,100,38610,29-SEP-1995,
RICHSILK,EQ,5.5,5.6,5.35,5.35,5.35,5.5,3800,20840,29-SEP-1995,
RICOAUTO,EQ,105,105,105,105,105,101,200,21000,29-SEP-1995,
RIIL,EQ,65,65,65,65,65,66,200,13000,29-SEP-1995,
ROLTA,EQ,24,24.7,24,24.2,24.25,24.95,2300,56185,29-SEP-1995,
ROYALCUSHN,EQ,160,160,160,160,160,160,100,16000,29-SEP-1995,
ROYALENFLD,EQ,41.5,41.5,41.5,41.5,41.5,42.5,200,8300,29-SEP-1995,
RUBFILINTL,EQ,15,15,14.5,14.5,14.5,14.75,2300,33460,29-SEP-1995,
RUCHISOYA,EQ,35.75,37,35.75,37,37,36.25,500,18000,29-SEP-1995,
RUCHISTRIP,EQ,8.75,8.75,8.75,8.75,8.75,9,900,7875,29-SEP-1995,
S&SPOWER,EQ,195.05,201.5,195.05,199.8,201.5,200,2200,439162.5,29-SEP-1995,
SABERORGAN,EQ,35,35,33.5,33.5,33.5,33.15,1200,41700,29-SEP-1995,
SAELTD,EQ,177,177,175,176.35,175,177,600,105850,29-SEP-1995,
SAIL,EQ,30.5,30.9,30,30.6,30.6,30.3,156000,4744905,29-SEP-1995,
SAKHTISUG,EQ,40,40.95,40,40.95,40.95,41,650,26245,29-SEP-1995,
SAMTEL,EQ,43,47.5,43,47.5,47.5,47.5,700,32645,29-SEP-1995,
SAMTELTD,EQ,65.5,65.5,65.5,65.5,65.5,68.75,100,6550,29-SEP-1995,
SANDOZ,EQ,496,496,496,496,496,495,50,24800,29-SEP-1995,
SANDVIKAS,EQ,1630,1640,1630,1635,1635,1620,20,32705,29-SEP-1995,
SANGHIPOLY,EQ,26.75,27.5,26.5,27.05,27,27.2,17700,478955,29-SEP-1995,
SATNAMOVER,EQ,48.45,48.45,47,47,47,49.95,2100,100495,29-SEP-1995,
SATYAMCEM,EQ,50,50,49.85,49.9,49.95,50,1300,64915,29-SEP-1995,
SATYAMCOMP,EQ,50,50,49,49.75,49.75,50.05,4600,227690,29-SEP-1995,
SAURASHCEM,EQ,82,82,82,82,82,86,50,4100,29-SEP-1995,
SAVITACHEM,EQ,99,100,99,99.5,99.5,99.5,300,29850,29-SEP-1995,
SAWPIPES,EQ,178,178,170,171.4,171,179,3100,533365,29-SEP-1995,
SBIHOMEFIN,EQ,45,49,45,48.85,49,47,500,24000,29-SEP-1995,
SBIMAG93,EQ,10.2,10.3,10.15,10.15,10.2,10.25,78100,796875,29-SEP-1995,
SBIMAGEX91,EQ,10,10,9.95,9.95,9.95,9.95,5300,52985,29-SEP-1995,
SBIMAGNM90,EQ,13.4,13.75,13.4,13.55,13.5,13.65,27400,373640,29-SEP-1995,
SBIMAGTP91,EQ,159.5,160,158.75,160,160,159,330,52675,29-SEP-1995,
SBIN,EQ,216,221,215.5,220.15,220.05,216.3,408900,89500727.5,29-SEP-1995,
SCICI,EQ,38.95,38.95,37.6,37.85,37.9,38.55,7100,269715,29-SEP-1995,
SESAGOA,EQ,380,390,380,390,390,386.5,650,250092.5,29-SEP-1995,
SESHAPAPER,EQ,98,106,98,106,106,106.5,1200,124700,29-SEP-1995,
SHAMKNSPIN,EQ,7.75,7.75,7.75,7.75,7.75,7.6,500,3875,29-SEP-1995,
SHANTIGEAR,EQ,199,207,199,207,207,200,600,120300,29-SEP-1995,
SHARTSEFOD,EQ,9,9,8.55,8.55,8.55,9,1000,8750,29-SEP-1995,
SHIVAJWORK,EQ,78,78,78,78,78,78,50,3900,29-SEP-1995,
SHREECEM,EQ,57.1,61,57.1,61,61,60.95,950,57135,29-SEP-1995,
SHREEKRPET,EQ,47,47,46,46,46,47,1100,51200,29-SEP-1995,
SHREEKRPOL,EQ,42,42.25,42,42,42,43,700,29525,29-SEP-1995,
SHRENUJ,EQ,52,52,52,52,52,50,100,5200,29-SEP-1995,
SHREPRECOT,EQ,15.25,15.25,14.8,14.8,14.8,15.75,500,7580,29-SEP-1995,
SHRERAJSYN,EQ,52,52,52,52,52,52.5,200,10400,29-SEP-1995,
SHREYANIND,EQ,119,119,119,119,119,125,50,5950,29-SEP-1995,
SHREYASHIP,EQ,21,21,21,21,21,21,100,2100,29-SEP-1995,
SHRMHONDA,EQ,152.1,152.1,152,152,152,155,200,30410,29-SEP-1995,
SHYAMTELE,EQ,150,150,150,150,150,150,100,15000,29-SEP-1995,
SIEMENS,EQ,503.9,505,500.05,502.55,500.05,505,300,150997.5,29-SEP-1995,
SILTAPCHEM,EQ,395,395,395,395,395,395,100,39500,29-SEP-1995,
SILVERLINE,EQ,43.5,44.75,43,44.05,43,43.05,15500,677365,29-SEP-1995,
SIRIS,EQ,173,173,172,172,172,172,200,34500,29-SEP-1995,
SISHIPPING,EQ,129.4,129.4,129.4,129.4,129.4,129,50,6470,29-SEP-1995,
SIVIND,EQ,132.5,132.5,132.5,132.5,132.5,132.55,600,79500,29-SEP-1995,
SKFBEARING,EQ,2800,2800,2765,2791,2792,2815,295,821835,29-SEP-1995,
SKUMARSYNF,EQ,52,52,52,52,52,48.5,100,5200,29-SEP-1995,
SMDYECHEM,EQ,13.5,13.5,13,13,13,13.45,2100,27475,29-SEP-1995,
SMFINANC,EQ,13.5,13.5,12.5,12.5,12.5,13.5,200,2600,29-SEP-1995,
SMITHKLPHA,EQ,270,274.95,270,272,272,270,300,81447.5,29-SEP-1995,
SMITKLBECH,EQ,305,315,305,313.5,315,311.55,1350,420127.5,29-SEP-1995,
SOLARSNIND,EQ,15,15,15,15,15,15,100,1500,29-SEP-1995,
SOLPHARMA,EQ,93,93,91.1,91.1,91.1,92.75,4400,406425,29-SEP-1995,
SOMANICEM,EQ,54.25,57.2,54,54.15,54,56.5,2000,110875,29-SEP-1995,
SOMDUTTFIN,EQ,29.25,29.25,28.55,28.55,28.55,30.5,1000,29085,29-SEP-1995,
SOMKMARINE,EQ,8.9,9.05,8.9,9,9,8.75,800,7200,29-SEP-1995,
SONALCOSM,EQ,29.05,29.75,29.05,29.45,29.3,30.2,2900,85500,29-SEP-1995,
SOUTHNHERB,EQ,72.5,72.5,71,71.5,71.5,73,900,64450,29-SEP-1995,
SPECIALSTL,EQ,135.25,135.25,135.25,135.25,135.25,136,100,13525,29-SEP-1995,
SPIC,EQ,53.5,54,53.5,53.75,54,53.05,2500,134355,29-SEP-1995,
SPICFINE,EQ,13,13.2,13,13.2,13.2,13.5,3100,40620,29-SEP-1995,
SQRDSFWARE,EQ,54.95,57,54.95,55.5,55.5,55,1000,55845,29-SEP-1995,
SREERAYALK,EQ,21,21,21,21,21,21,200,4200,29-SEP-1995,
SRERAYHY+H,EQ,8.85,8.85,8.8,8.85,8.85,8.75,1300,11500,29-SEP-1995,
SRF,EQ,66,68,64,67.75,68,69,350,23250,29-SEP-1995,
SRIVISHCEM,EQ,16.75,16.75,16.75,16.75,16.75,16.5,400,6700,29-SEP-1995,
STEELCOGUJ,EQ,7.2,7.5,7,7.3,7.3,6.95,3200,23230,29-SEP-1995,
STERLINHOL,EQ,72,80,72,79.65,80,75,4500,352770,29-SEP-1995,
STERLINTEA,EQ,40,40,39.5,39.5,39.5,41,1500,59500,29-SEP-1995,
STERLITCOM,EQ,82,84,82,82.7,83.95,82,800,66005,29-SEP-1995,
STERLITE,EQ,321.5,323.45,317.05,318.95,320,324.5,18800,6064360,29-SEP-1995,
STILBENCHM,EQ,12.5,12.5,12.5,12.5,12.5,12,200,2500,29-SEP-1995,
SUASHDIMON,EQ,155,165,155,165,165,158,2100,331900,29-SEP-1995,
SUBHASPROJ,EQ,222,226,220,224,224,218,2700,601500,29-SEP-1995,
SUBROS,EQ,92.1,92.1,92,92,92,100,200,18410,29-SEP-1995,
SUMITRAPHA,EQ,21.9,21.9,20,21,21,20.55,11400,236765,29-SEP-1995,
SUNDRMCLAY,EQ,224,225,223,225,225,223,750,168075,29-SEP-1995,
SUNDRMFAST,EQ,543,560,543,544,544,545,550,301997.5,29-SEP-1995,
SUNFLAGIRN,EQ,8.2,8.75,8.2,8.6,8.6,8.75,3300,28110,29-SEP-1995,
SUNPHARMA,EQ,273,274,272,273,274,270,1400,381600,29-SEP-1995,
SUPERFORGE,EQ,38,38,38,38,38,37,100,3800,29-SEP-1995,
SUPPETRO,EQ,25,25.1,24.75,24.95,24.9,25.15,7300,181650,29-SEP-1995,
SUPREMEIND,EQ,287.5,287.5,284,284,284,287,250,71450,29-SEP-1995,
SURAJDIAMN,EQ,68,71,67.5,68,68,68,1500,102720,29-SEP-1995,
SURATELEC,EQ,155,155,155,155,155,156,50,7750,29-SEP-1995,
SURYAGROIL,EQ,7,7.45,7,7.45,7.45,7,1400,10175,29-SEP-1995,
SURYAROSNI,EQ,68,68,65,66.75,66.75,66.5,3000,199975,29-SEP-1995,
SWARAJENG,EQ,300,300,300,300,300,290,100,30000,29-SEP-1995,
SYNTHCHEM,EQ,24.4,24.4,24.4,24.4,24.4,23,200,4880,29-SEP-1995,
TANEJAERO,EQ,21,21.15,21,21.15,21.15,20.5,600,12645,29-SEP-1995,
TATACHEM,EQ,344.25,350,343,346.5,350,347,3100,1069737.5,29-SEP-1995,
TATAELXSI,EQ,27.5,27.65,27,27.25,27.65,27.15,5500,150675,29-SEP-1995,
TATAFIN,EQ,67.05,67.05,67,67,67,66.75,200,13405,29-SEP-1995,
TATAHYDRO,EQ,85.5,85.5,85,85.5,85.5,86.05,650,55500,29-SEP-1995,
TATAMETALI,EQ,24,24,23.5,23.5,23.5,24.75,700,16600,29-SEP-1995,
TATAPOWER,EQ,107,110,106,109.55,109.05,108.25,8300,887125,29-SEP-1995,
TATATEA,EQ,305,308.75,304,308.75,308.75,305,550,167737.5,29-SEP-1995,
TATATELECM,EQ,95,95,94,94.05,94,95,300,28310,29-SEP-1995,
TATATIMKEN,EQ,41.1,43,41,41.5,41.5,43.5,1500,62715,29-SEP-1995,
TATAUNISYS,EQ,350,350,350,350,350,350,50,17500,29-SEP-1995,
TATAVASHIS,EQ,22.5,22.5,22,22.5,22.5,23,600,13400,29-SEP-1995,
TATIASKYLN,EQ,19,19,18.7,18.7,18.7,19,300,5640,29-SEP-1995,
TAURUSTAR,EQ,5,5.1,5,5.1,5.1,5.05,3400,17150,29-SEP-1995,
TECILCHEM,EQ,25,25,25,25,25,25.2,1000,25000,29-SEP-1995,
TELCO,EQ,660,677.5,660,672.6,667.25,659,21400,14348645,29-SEP-1995,
TELEPHNCAB,EQ,42,42,42,42,42,42,100,4200,29-SEP-1995,
TEXTOOL,EQ,255,265,255,263,263,268.95,450,116200,29-SEP-1995,
TFCILTD,EQ,20,20,19.5,19.5,19.5,20,1000,19645,29-SEP-1995,
THAPARAGRO,EQ,10.9,11,10.9,11,11,11,300,3290,29-SEP-1995,
THERMAX,EQ,310,323.75,310,322.75,323.5,310,16500,5240815,29-SEP-1995,
THIRUSUGAR,EQ,90,90,90,90,90,100,500,45000,29-SEP-1995,
THOMASCOOK,EQ,580,591,580,591,591,585,100,58550,29-SEP-1995,
TIMESGUARN,EQ,48.75,48.75,48.75,48.75,48.75,48.5,200,9750,29-SEP-1995,
TIMEXWATCH,EQ,48.95,49.5,48.6,49.5,49.5,48.55,2400,117685,29-SEP-1995,
TINPLATE,EQ,29.95,29.95,29.95,29.95,29.95,29,100,2995,29-SEP-1995,
TIRUMALCHM,EQ,165,165,165,165,165,168,450,74250,29-SEP-1995,
TISCO,EQ,240.8,244.95,240.8,243.3,242.7,241.35,152950,37133320,29-SEP-1995,
TISCO,N1,398.5,401,398,400.3,400.3,398.95,2240,895207.5,29-SEP-1995,
TITAGRSTEL,EQ,41,41,41,41,41,41.5,100,4100,29-SEP-1995,
TITAN,EQ,140,141,139.05,139.95,139.95,141,500,70000,29-SEP-1995,
TNPETRO,EQ,33,33,31.5,31.75,31.75,32.45,2700,86015,29-SEP-1995,
TNTELE,EQ,14.5,14.95,14.5,14.95,14.95,14.95,500,7430,29-SEP-1995,
TOLANIBULK,EQ,12,12,12,12,12,11.85,100,1200,29-SEP-1995,
TORNTPHARM,EQ,155,166,155,160,160,168,300,48100,29-SEP-1995,
TORRENGUJ,EQ,24,24,22.75,23.2,23.2,22.5,1300,30195,29-SEP-1995,
TORRENGUJ,N1,49,49.75,49,49.5,49.75,49,2600,128175,29-SEP-1995,
TRIVENIENG,EQ,89.5,89.75,86,86,86,90,600,52725,29-SEP-1995,
TRIVENIOIL,EQ,18.25,18.25,18.25,18.25,18.25,18,200,3650,29-SEP-1995,
TRIVENSHET,EQ,60,60,60,60,60,58,50,3000,29-SEP-1995,
TUTICORALK,EQ,29,29,28,28,28,29,400,11400,29-SEP-1995,
TVSELEC,EQ,42,42,42,42,42,40,100,4200,29-SEP-1995,
TVSSUZUKI,EQ,254,257.45,254,255,255,256.5,400,102022.5,29-SEP-1995,
TVSWHIRL,EQ,30,30,29,29,29,32,1400,41000,29-SEP-1995,
UBENGG,EQ,35,36,35,36,36,36,400,14200,29-SEP-1995,
UBPETRO,EQ,6.5,6.5,6.5,6.5,6.5,7.25,100,650,29-SEP-1995,
UCALFUEL,EQ,130,130,130,130,130,138,100,13000,29-SEP-1995,
UGS2000,EQ,16.7,17,16.7,16.95,17,17.05,1100,18605,29-SEP-1995,
UGS5000,EQ,13.65,13.65,13.5,13.5,13.5,13.8,5800,78535,29-SEP-1995,
UNIFLEX,EQ,51.5,56,51.5,54,54,54,2400,125200,29-SEP-1995,
UNIONCARBI,EQ,162,164,160,164,164,162,500,81200,29-SEP-1995,
UNIPLAS,EQ,24.75,25,24.5,24.75,24.75,24.6,4900,120690,29-SEP-1995,
UNITECH,EQ,129.75,130,129.05,129.05,129.05,128,500,64855,29-SEP-1995,
UNITEDBREW,EQ,26.5,26.5,26.5,26.5,26.5,25.6,900,23850,29-SEP-1995,
UNITEDCARB,EQ,1371.05,1410,1371.05,1410,1410,1402,25,34471,29-SEP-1995,
UNITEDPHOS,EQ,645,648,641,641,641,649,900,581100,29-SEP-1995,
UNIVCABLES,EQ,62,62,62,62,62,60,300,18600,29-SEP-1995,
UNIWESTBNK,EQ,59,59.95,58.5,59.95,59.95,58.25,1100,64790,29-SEP-1995,
UNIWORTINT,EQ,22,22,22,22,22,21,100,2200,29-SEP-1995,
UPERGANGES,EQ,101.1,102,101.1,102,102,103.05,700,71310,29-SEP-1995,
USHAINDIA,EQ,18.5,18.5,18.15,18.4,18.5,18.5,4400,80940,29-SEP-1995,
USHAISPAT,EQ,101,101,101,101,101,101.5,800,80800,29-SEP-1995,
USHAMARTIN,EQ,47,47,47,47,47,47.95,100,4700,29-SEP-1995,
UTTAMSTL,EQ,24.5,24.5,24.5,24.5,24.5,24.4,300,7350,29-SEP-1995,
VARDHMNSPG,EQ,155.05,159.9,154,159.9,159.9,158,400,62642.5,29-SEP-1995,
VARUNSHIP,EQ,29.5,30,28.15,28.15,28.15,29.6,1600,46965,29-SEP-1995,
VATSALTD,EQ,18.5,18.55,18.25,18.4,18.3,18.65,60100,1105385,29-SEP-1995,
VDOCONAPPL,EQ,72.9,73,70,70.6,70.5,73.5,900,64510,29-SEP-1995,
VDOCONINTL,EQ,86.5,87,86,86.7,87,87,2500,216530,29-SEP-1995,
VDONARMAD,EQ,13.7,14.35,13.7,14.25,14.25,14.25,3300,46310,29-SEP-1995,
VENUSUGAR,EQ,8,8.95,8,8.9,8.9,8.75,700,6055,29-SEP-1995,
VESUVIUS,EQ,53,53,53,53,53,55,100,5300,29-SEP-1995,
VIDANIAGRO,EQ,9,9,9,9,9,0.0,200,1800,29-SEP-1995,
VIDIANIENG,EQ,48,48,46.25,46.25,46.25,47,200,9425,29-SEP-1995,
VIKASHYB,EQ,89,89,89,89,89,89.5,100,8900,29-SEP-1995,
VIKASWSP,EQ,95.25,98,94.5,97.25,98,99,5500,530215,29-SEP-1995,
VINYLCHEM,EQ,35,38,35,36.5,36.5,37.75,2300,83400,29-SEP-1995,
VINYOGCLOT,EQ,20,20.5,20,20,20,20,2600,52250,29-SEP-1995,
VIPIND,EQ,75,76,75,76,76,75,1500,113350,29-SEP-1995,
VIPPYSOLVX,EQ,18.05,18.05,18.05,18.05,18.05,22.5,100,1805,29-SEP-1995,
VIRALFILA,EQ,115,115,108,108,108,117,1100,121645,29-SEP-1995,
VIRALSYNTX,EQ,62,73,62,65,65,66,2700,174750,29-SEP-1995,
VLSFINANCE,EQ,261,261,259.05,259.05,259.05,260,700,182120,29-SEP-1995,
VOLTAS,EQ,79.5,80,79,79,79,80,200,15875,29-SEP-1995,
VSNL,EQ,872.5,872.5,872.5,872.5,872.5,850,75000,65437500,29-SEP-1995,
VSTIND,EQ,225,227,225,226.15,225.25,225,350,78985,29-SEP-1995,
VXL,EQ,35,35,35,35,35,35.5,400,14000,29-SEP-1995,
VYSYABANK,EQ,2275,2400,2275,2382.5,2400,2280,500,1154000,29-SEP-1995,
WARTDEISEL,EQ,202,205,200.5,205,205,204,3200,644905,29-SEP-1995,
WATERBASE,EQ,15,15,15,15,15,15,100,1500,29-SEP-1995,
WELDFLUX,EQ,33,33.85,31,33.7,33.85,34.5,3300,108485,29-SEP-1995,
WELSPUNPOL,EQ,87.95,88,87.95,88,88,84,200,17595,29-SEP-1995,
WESTINDIA,EQ,38.05,38.05,37,37.95,37.95,38.5,700,26515,29-SEP-1995,
WESTNPAQUE,EQ,100,100,98,98,98,99,1800,176745,29-SEP-1995,
WIDIA,EQ,4150,4150,4150,4150,4150,4200,5,20750,29-SEP-1995,
WILLARDLTD,EQ,15,15,15,15,15,15,500,7500,29-SEP-1995,
WIMCO,EQ,39,40.95,39,40.55,40.5,39,3800,150825,29-SEP-1995,
WIMPLAST,EQ,42,42,42,42,42,41.9,300,12600,29-SEP-1995,
WINSOMYARN,EQ,8.05,8.2,8.05,8.2,8.2,8.1,1600,13055,29-SEP-1995,
WOCKHARDT,EQ,242,243,240,240.7,240,245,900,216940,29-SEP-1995,
WOOLWORTH,EQ,66,66.9,64.5,64.5,64.5,66,1900,123465,29-SEP-1995,
WSTCSTPAPR,EQ,73,73,70.05,70.65,70.05,70,800,56882.5,29-SEP-1995,
YOGOPHARM,EQ,75,75,70,70,70,75.25,300,21700,29-SEP-1995,
ZEETELE,EQ,190,190,181,184,184,181,1100,201985,29-SEP-1995,
ZILONPHARM,EQ,40.75,40.75,39,39,39,39.9,3500,139290,29-SEP-1995,
ZODIACLOTH,EQ,83.95,88,83.95,86,88,85,500,43195,29-SEP-1995,
ZUARIAGRO,EQ,365,365,365,365,365,365,100,36500,29-SEP-1995,
